01111110000000000010110010110111
01110100000011101110101011111100
01110111011011111011111101110001
01011101010111100010010000011011
00001111111011111111111100011111
10110010100010111101111010100010
11101111111000001111110101011101
00011101000110011011001011110110
11101111111000001111110101011101
11101111111000001111110101011101
00011101000110011011001011110110
00010110111010111100001111100010
11101111111000001111110101011101
10110010100010111101111010100011
00010100101101010101111001100001
10111111011101000100011101010111
00010000110111110100111100010000
10100110011010000110110011101111
00010000110100000001001011011010
00010000000101111011100011101011
11101111111000001111110101011101
00010000000101111011100011101011
00010000000101111011100011101011
00010000000111000010001101000000
00010000000111000010001101000000
00010000000111000010001101000000
00010000000111000111010000100001
00010000000111000111010000100001
00010000000111000111010000100001
10111111011101000100011101010101
00000110011110110011111111000110
10111111011101000100011101010111
10110001110111100111101111101001
10110001110111100111101111101001
10110001110111100111101111101001
01000100000111100100000111001010
10110010100010111101111010100010
11010000101100010011111100101110
11010000101101011111011010111110
11010000101101011111011010111110
11011111111011010100001101100011
11011111111011010100001101100111
11011111111011010100001101101000
11011111111011010100001101101000
01000111001111110001100011110110
11101010010011001101010001011001
11101010010011001101010001011001
00010000000111000111010000100001
11101010010011001101010001011001
11101111111011001010100110010011
11101111111011001010100110010011
11101111111011001010100110010011
11101111111011001010100110001001
11101111111011001010100110001001
01000111111010011111011000111101
00010000000111000111010000100001
11101111111010001110101110101101
11101111111010001110101110101100
11101111111010001110101110101100
11101111111000001111110101011101
11101111111000001111110101011101
11101111111000001111110101011101
11101111111000001111110101011101
11101111111000001111110101011101
11101111111000001111110101011101
11101111111000001111110101011101
11101111111000001111110101011101
11101111111000001111110101011101
11101111111000001111110101011101
11101111111000001111110101011101
11101111111000001111110101011101
01000111111111100100010110010001
11101111111000001111110101011101
11101111111000001111110101011101
11101111111000001111110101011101
11101111111000001111110101011101
01110010000100011011101010000100
10100110011011101011111010000001
01110010111111100001001101000000
11101111111000001111110101011101
01110010101100011000110100000111
01110100000011101101000010000100
11101111111000001111110101011101
01110111011010001011000101000101
01110111101010001100101010111000
01110111101010001100101011111000
01010000001011110001010110101001
01010110101011001000101011100110
11101111111000001111110101011101
10110010100010111101111010100010
01011101010111100110010000110111
01011101010111100110010000110111
01011101010111100110010000110111
01001111100110101010110100000111
01001111101000111011000100111110
01001111101000110010011000100110
10111111011101000100011101010111
10100110011010000111011011000011
11101111111000001111110101011101
01001111101011011010100010000011
01001111101010011110001100101000
01001111101010011110001100101000
01001111101010001011000011101011
01001111101010001011010000101111
01001111101010001011010000011110
01000100000111100100000110001111
00001111111011111111111110111101
00001111111011111111111110111101
00001111111011111111111110111101
00001111111011111111111100011111
00001111111011111111111100011111
00001111111011111111111100011111
00000110011110110011111111111010
00000110011110110011111111111011
00000110011110110011111111111011
00000110011110110011111111000110
00000110011110110011111111000110
00000110011110110011111111000110
00000110011110110011111111000110
10110111100000100001011101101111
00011101000110111000000101010010
00011101000110111000000101010010
00011101000110111000000101010000
11101111111000001111110101011101
11101111111000001111110101011101
00011101000110111000000101011110
00011101000110111010011000001010
00011101000110111010011000101010
00011101000110111011110101110001
00011101000110111011110101110001
00011101000110111011110101110001
00011101000110111011110101110001
00011101000110111011110101110001
10110010100010111101111010100010
10110010100010111101111010100010
00011101000110011011001011110110
00011101000110011011001011110110
00011101000110011011001011110110
11101111111000001111110101011101
00011101000110011011001011110110
00011101000110011011001011110110
00011101000110011011001011110110
00011101000110011011001011110110
00011101000110011011001011110110
00011101000110011011001011110110
00011101000110011011001011110110
00011101000110011011001011110110
11101111111000001111110101011101
10110010010001000111001010101001
00011101000110011011001011110110
00011101000110011011001011110110
10110010100010111101111010100011
00011101000110011011001011110110
11101111111000001111110101011101
00011101000110011011001011110110
11101111111000001111110101011101
00011101000110011011001011110110
00011101000110011011001011110110
00011101000110011011001011110110
00011101000110011011001011110110
11101111111000001111110101011101
00010111111000011100001000111001
00010111000000000100000010110110
00010100101101011010000001010000
10110010100010111101111010100011
10110010100010111101111010100011
00010100101101010000010110001010
10111111011101000100011101010111
00010100101101010000100011010010
10111111011101000100011101010111
00010000110111110111110010100111
00010000110111110100111100010000
00010000110111110100111100010000
00010000110111110100111100010000
11101111111000001111110101011101
00010000110100000001001011011010
00010000110100000001001011011010
00010000110100000001001011011010
10100110011010000111011101010101
10110010100010111101111010100011
00010000110100000001001011011010
00010000110100000001001011011010
10110010100010111101111010100011
00010000110100000001001011011010
00010000110100000001001011011010
00010000000101111011100011110011
00010000000101111011100011110011
00010000000101111011100011110011
00010000000101111011100011110011
00010000000101111011100011110011
00010000000101111011100011110011
00010000000101111011100011110011
10110111100000100001011101101111
00010000000101111011100011110011
00010000000101111011100011101011
00010000000101111011100011101011
00010000000101111011100011101011
10110010100010111101111010100011
00010000000101111011100011101011
00010000000101111011100011101011
00010000000101111011100011101011
00010000000101111011100011101011
00010000000101111011100011101011
00010000000101111011100011101011
00010000000101111011100011101011
00010000000101111011100011101011
10110010100010111101111010100011
11101111111000001111110101011101
00010000000101111011100011101011
11101111111000001111110101011101
00010000000111000010001101000001
00010000000111000010001101000001
00010000000111000010001101000001
00010000000111000010001101000001
00010000000111000010001101000000
00010000000111000010001101000000
00010000000111000010001101000000
00010000000111000010001101000000
00010000000111000010001101000000
00010000000111000111010000100001
11101111111000001111110101011101
00010000000111000111010000100001
00010000000111000111010000100001
00010000000111000111010000100001
00010000000111000111010000100001
00010000000111000111010000100001
00010000000111000111010000100001
00010000000111000111010000100001
00010000000111000111010000100001
10100110011010000110110011101111
00010000000111000111010000100001
00010000000111000111010000100001
00010000000111000111010000100001
00010000000111000111010000100001
10100110011010000110110011100111
00010000000111000111010000100001
10100000000101110111010001100001
10100000000100110100010001111100
10100101001011111110100001000111
10100101011001010001011000010010
10100101011001010001011000010010
10111010111111011011001010011111
10111011110010101001011010000101
00010000000111000111010000100001
10111111011101000011000110001000
10111111011101000011000110001000
10111111011101000011000110001000
10111111011101000011000110001000
10111111011101000100011101010101
10111111011101000100011101010101
10111111011101000100011101010101
10111111011101000100011101010111
10110100111010011101000010111011
10110100111011100101110001100001
10110100111011100101110000111100
10110111110000100000101110011011
10110111100011101011001000001111
10110111100011011101011001011110
10110111100000100001011101101110
10110111100000100001011101101110
10110001110110011110100101100100
10110001110110010100100101100010
10110001110110010100100110000001
00010100101101010101111001100001
10110001110110010011011001011101
10110001110110010011011011111010
10110001110111100111101111101001
10110001110111100111101111101001
10110001110111100111101111101001
00010100101101010101111001100001
10110001110111100111101111101001
10110001110111100111101111101001
10110010010001000111010011000000
10110010010001000111001010101001
10110010010001000111001010101001
00011101000110011011001011110110
10110010100010111101111001010000
10110010100010111101111001010000
10110010100010111101111001010000
01000100000111100100000111001010
10110010100010111101111001010000
10110010100010111101111001010000
10110010100010111101111000111101
10110010100010111101111000111101
10110010100010111101111000111101
10110010100010111101111000111101
10110010100010111101111000111101
10110010100010111101111000111101
10110010100010111101111000111101
10110010100010111101111010100010
00010000000111000111010000100001
11010010000010010010000110000101
11010010000000101001111111111110
01000100000111100100000111001010
00010000000111000111010000100001
01000100000111100100000111001010
11010000101100010011111100101110
11010000101101011111011010111110
11010000101101011111011010111110
11010000101101011111011110100011
11011100010101000110110001011111
11011100010010111000100010011110
01000100000111100100000111001010
11011100010011001001100000110001
11011100010011001110110111110110
11011101110010000001000101101100
11011101110010000001000101111101
11011101110010000001000101111101
11011101110010000111100111001011
01000111001010001110110010111001
11011111100011010100001101001010
11011111111010101101010111000000
11011111111010101101010111000000
11011111111010101101010111010011
11011111111010101101010111010011
11011111111010101101010111011101
11011111111010101101010111011101
11011111111011010100001101100011
11011111111011010100001101100011
11011111111011010100001101100100
11011111111011010100001101101000
11011111111011010100001101101000
11011111111011010100001101101000
11011111111011010100001101101000
01000111001100010110011011010000
11011111111011010100001101101000
11011111111011010100001101101000
00011101000110011011001011110110
11011111111011010100001101101000
11011111111011010100001101101000
11101010010011010101101011010100
11101010010011010101101011010100
11101010010011010101101011010100
01000111001111110001100011101001
01000111001111110001100011110110
11101010010011010101101011010100
11101010010011001101010001011001
11101010010011001101010001011001
11101010010011001101010001011001
11101010010011001101010001011001
00010000000111000111010000100001
00010100101101010101111001100001
11101010010011001101010001011001
00010000000111000111010000100001
11101010010011001101010001011001
11101010010011001101010001011001
11101010010011001101010001011001
00000110011110110011111111000110
00000110011110110011111111000110
11101010010011001101010001011001
11101010010011001101010001011001
11101010010011001101010001011001
11101010010011001101010001011001
11101111111011001010100110010011
00000110011110110011111111000110
11101111111011001010100110010011
11101111111011001010100110010011
11101111111011001010100110001001
11101111111011001010100110001001
11101111111011001010100110001001
11101111111011001010100110001001
11101111111011001010100110001001
11101111111011001010100110001001
11101111111011001010100110001001
11101111111011001010100110001001
11101111111011001010100110001001
11101111111011001010100110001001
11101111111010001110101110101110
01000111111010011111011000111101
01000111111010011111011000111101
11101111111010001110101110101110
00010000000111000111010000100001
00011101000110011011001011110110
11101111111010001110101110101110
11101111111010001110101110101110
11101111111010001110101110101110
11101111111010001110101110101110
00010000000111000111010000100001
01000111111010011111011000000111
11101111111010001110101110101110
01000111111010011111011000000111
11101111111010001110101110101101
11101111111010001110101110101101
11101111111010001110101110101101
11101111111010001110101110101101
11101111111010001110101110101101
11101111111010001110101110101101
11101111111010001110101110101101
11101111111010001110101110101100
00010000000111000111010000100001
11101111111010001110101110101100
11101111111010001110101110101100
11101111111010001110101110101100
11101111111010001110101110101100
01000111111010011111011000000111
11101111111010001110101110101100
01000111111110000101000010000110
11101111111010001110101110101100
00010000000111000111010000100001
11101111111010001110101110101100
11101111111010001110101110101100
01000111111110000101000010000110
11101111111010001110101110101100
11101111111000001111110101011101
11101111111000001111110101011101
11101111111000001111110101011101
11101111111000001111110101011101
11101111111000001111110101011101
00010100101101010101111001100001
01000111111110000101000010011000
11101111111000001111110101011101
01000111111110000101000010011000
11101111111000001111110101011101
01000111111110000101000010011010
11101111111000001111110101011101
11101111111000001111110101011101
11101111111000001111110101011101
11101111111000001111110101011101
11101111111000001111110101011101
11101111111000001111110101011101
11101111111000001111110101011101
11101111111000001111110101011101
01000111111111000110111000110000
00010000000111000111010000100001
11101111111000001111110101011101
11101111111000001111110101011101
11101111111000001111110101011101
11101111111000001111110101011101
01000111111111000110111010101110
11101111111000001111110101011101
11101111111000001111110101011101
11101111111000001111110101011101
11101111111000001111110101011101
11101111111000001111110101011101
11101111111000001111110101011101
11101111111000001111110101011101
11101111111000001111110101011101
11101111111000001111110101011101
11101111111000001111110101011101
00010000000111000111010000100001
11101111111000001111110101011101
11101111111000001111110101011101
11101111111000001111110101011101
11101111111000001111110101011101
11101111111000001111110101011101
11101111111000001111110101011101
11101111111000001111110101011101
11101111111000001111110101011101
11101111111000001111110101011101
11101111111000001111110101011101
11101111111000001111110101011101
11101111111000001111110101011101
11101111111000001111110101011101
11101111111000001111110101011101
11101111111000001111110101011101
11101111111000001111110101011101
11101111111000001111110101011101
11101111111000001111110101011101
01000111111111100100010111001010
11101111111000001111110101011101
11101111111000001111110101011101
11101111111000001111110101011101
00010000000111000111010000100001
11101111111000001111110101011101
11101111111000001111110101011101
11101111111000001111110101011101
00010000000111000111010000100001
11101111111000001111110101011101
11101111111000001111110101011101
01000111111111100100010111001010
01000111111111100100010111001010
11101111111000001111110101011101
00011101000110011011001011110110
11101111111000001111110101011101
11101111111000001111110101011101
00011101000110111000000101011111
00010000000101111011100011101011
10110010010001000111010011000101
11101010010011010101101011010100
11101010010011001101010001011001
11101111111011001010100110001001
11101111111000001111110101011101
00010000110111110100111100010010
10110010100010111101111010100000
00010000000111000111010000100010
00010000000111000111010000100010
11101111111011001010100110001010
00011101000110011011001011110100
11101111111000001111110101011110
01110111101000110011111110000010
10110010100010111101111010100011
10110010010001000001001000111010
10110010100010111101111000111101
10110010100010111101111000111101
00010000000111000111010000100001
11101111111010001110101110101110
11101111111000001111110101011101
11101111111000001111110101011101
11101111111000001111110101011101
01000111111111100100010110010000
11101111111000001111110101011101
11101111111000001111110101011101
00010100101101010101111001100001
00010000110100000001001011011100
00010000000111000111010000100100
10111111011101000100011101010000
11101111111010001110101110101000
00010000000101111011100011101011
11011111111011010100001101100100
11101111111010001110101110101110
11101111111000001111110101011101
10111111011101000100011101010111
01001111100110101101110010010001
01001111100110101101110010010100
01001111101000110101100000110000
00011101000110011011001011110110
10110010100010111101111010100011
00011101000110011011001011110110
00011101000110011011001011110110
00010110111010111100001111100010
00010111000011010100010101100010
11101111111000001111110101011101
00010000110111110110100100110011
00010000000101111011100011101011
10110010100010111101111010100011
11101111111000001111110101011101
10100110011010000110110011100110
10110001110111100111101111101001
01000100000111100100000111001010
11010000101101011111011110100011
11011101110010000111100111001011
11011111111011010100001101100100
11011111111011010100001101101000
11101111111010001110101110101110
00010000000111000111010000100001
11101111111000001111110101011101
01001111100110101010110100000111
00010000110111110110100100110011
11101111111000001111110101011101
00010000000101111011100011101011
10111111011101000100011101010101
11010010000000101001111111111110
11101010010011001101010001011001
00011101000110011011001011110110
11101111111000001111110101011101
11101111111000001111110101011101
10110010100010111101111010100011
11101111111000001111110101011101
11101111111000001111110101011101
10110010100010111101111010100010
11101111111000001111110101011101
00011101000110111011110101110001
10100000000100100010000100010111
10111111011101000011000110001000
11101111111000001111110101011101
00010111111100101101101001111000
11101111111000001111110101011101
00010000110100000001001011011010
00010000000111000010001101000001
11101010010011010101101011010100
11101111111000001111110101011101
00010000000111000010001101000000
11101010010011001101010001011001
11101111111000001111110101011101
00011101000110111000000101011111
00011101000110011011001011110110
00011101000110011011001011110110
00010000000101111011100011110011
00010000000111000010001101000000
10110001110111100111101111101001
10110010010001000001001000001000
11010000101101011111011110100011
11011101110010000111100111001011
11101010010011001101010001011001
11101010010011001101010001011001
11101010010011001101010001011001
11101111111011001010100110001001
11101111111000001111110101011101
11101111111000001111110101011101
01011101010111100010000000111110
01011101010111100110010000110111
11101111111000001111110101011101
00010000000111000111010000100001
11101010010011010101101011010100
11101111111010001110101110101110
11101111111010001110101110101100
11101111111000001111110101011101
11101111111000001111110101011101
11101111111000001111110101011101
00000110011110110011111111000110
11101111111000001111110101011101
01001010101000100011000101100110
00010000000111000111010000100001
01000100000111100100000111001010
00010000110100000001001011011010
01000111111010011111011000000111
11101111111000001111110101011101
00010000000101111011100011101011
11010010000000101001111111111110
11011100010101000110110001011111
00010000000111000111010000100001
11101111111010001110101110101110
00000110011110110011111111000110
10110111100000100110101101011000
11011111111010101101010111011101
11101010010011010101101011010100
01110111101000100111111010011011
10110010010001000111001010101001
11101111111000001111110101011101
00010000000111000010001101000001
10111011110000000100100111001010
10110001110111100111101111101001
00010000000111000111010000100001
11101111111011001010100110001001
01000111111010011111011000000111
01000111111010011111011000000111
11101111111000001111110101011101
01001111101000110101110000000000
11011111100011000100110000000000
11101111111011001010110000000000
01010110101011001000110000000000
01000100000111100100010000000000
00010100101101010000110000000000
10110010100010111101110000000000
10111111011101000100000000000000
11101010010011001101000000000000
11101111111010001110110000000000
11101111111000001111100000000000
00010000000111000111010000100010
10100101101110001010100010110010
00000110011110110011111111000100
00010000000111000111000000000000
00010000000101111011110000000000
00011101000110011011010000000000
11101111111000001111100000000000
10110010100010111101110000000000
01001111100110101010100000000000
00010000000101111011110000000000
01000100000111100100010000000000
11011111111010101101000000000000
11101010010011001101000000000000
11101111111010001110110000000000
11101111111010001110110000000000
11011100010010101010011101100000
10110010100010111101111010100011
01001111101000110010011000100111
00010100101101011010000001001000
00010100101101010101111001100001
00010000110100000001001011011010
10100110011011101011111010000000
11101010010011010101101011010100
11101111111000001111110101011101
00011101000110011011001011110110
00010110111010111100001111100010
00010111000000000100100100001101
00010100101101010000100011010010
00010000110111110110100000010101
11101111111000001111110101011101
10111111011101000011000110101100
10111111011101000100011101010111
11010000101100010010111010000110
11101010010011001101010001011001
11101111111010001110101110101110
11101111111010001110101110101101
11101111111000001111110101011101
11101111111000001111110101011101
00010000000111000111010000100001
10110010010001000111010101110011
01000111001011010001000010110101
11011101110010000111100111001011
11101111111000001111110101011101
01111110000001011101101010010100
01111110000000111101101001111010
01110100000011101101000010000100
01001011001010001011111010101011
01001011100101000100010101011011
01001111101011011010100010000001
01001111101011011010100010000001
00001111111011111111111110111101
00000110011110110011111111111010
00000110011110110011111111111010
11101111111000001111110101011101
00011101000110111000000101011110
00011101000110111011110101110001
00011101000110111011110101110001
10111111011101000100011101010111
11101111111000001111110101011101
10110010100010111101111010100010
00011101000110011011001011110110
00011101000110011011001011110110
00011101000110011011001011110110
00011101000110011011001011110110
11101111111000001111110101011101
00010110000100001100000111101101
00010100101101010000000100000001
00010100101101010101111001100001
11101111111000001111110101011101
00010000110100000001001011011010
00010000000101111011100011110011
00010000000101111011100011101011
00010000000111000010001101000001
11101111111000001111110101011101
00010000000111000010001101000000
00010000000111000111010000100001
10110010100010111101111010100011
10100101011001010001011001111010
10111011110000000101010010001111
10111111011101000100011101010101
10110100111010011101000010111111
10110100111011100101110000101100
01000100000111100100000110001111
10110111100011010001111110101000
10110111100000100110101101011000
10110001110110010011011001011101
00010000000111000111010000100001
10110001110111100111101111101001
01000100000111100100000111001010
00010000000111000111010000100001
10110001110111100111101111101001
10110010010001000111001010101001
10110010100010111101111000111101
10110010100010111101111000111101
10110010100010111101111010100010
11010010000000101001111111111110
11010000101101011111011110100011
01000100000111100100000111001010
11011111111010101101010111000000
00010000000111000111010000100001
11011111111010101101010111010010
11011111111011010100001101100111
01000111001111110001100011101000
11101010010011001101010001011001
11101010010011001101010001011001
11101010010011001101010001011001
11101010010011001101010001011001
11101111111011001010100110010011
11101111111010001110101110101110
11101111111010001110101110101110
11101111111010001110101110101101
11101111111010001110101110101101
00000110011110110011111111000110
11101111111010001110101110101100
00011101000110011011001011110110
11101111111000001111110101011101
00010000000111000111010000100001
11101111111000001111110101011101
01000111111111000110111000110010
11101111111000001111110101011101
00010000000111000111010000100001
01000111111111100100010111001010
01000111111111100100010111001010
01000111111111100100010111001010
00000110011110110011111111000110
11101111111000001111110101011101
11101111111000001111110101011101
11101010010011001101010001011001
00000110011110110011111111111011
00011101000110011011001011110110
00011101000110011011001011110110
10110001110111100111101111101001
11101111111000001111110101011101
01000111111111100100010111001010
11101111111000001111110101011110
10100110011011101011111010000000
01000111100000010001100111000100
10110010100010111101111100000000
01111110000001110110000010011101
01010110101011001000100001111101
01001111101010001011000011100001
00001111111011111111111100011111
00011101000110011011001011110110
11101111111000001111110101011101
00011101000110011011001011110110
00010100101101010101111001100001
00010000110100000001001011011010
00010000000101111011100011110011
11101111111000001111110101011101
00010000000101111011100011101011
00010000000111000010001101000000
00010000000111000111010000100001
00000110011110110011111111000110
10111111011101000011000110101100
00010100101101010101111001100001
01000100000111100100000111001010
00010000000111000111010000100001
11010010000010010010000001001010
11010000101100010011111100101110
00011101000110011011001011110110
01000111001010001110110010001111
11101010010011010101101011010100
00011101000110011011001011110110
00010100101101010101111001100001
00010000000111000111010000100001
01000111100001001100000011011010
11101111111010001110101110101110
11101111111000001111110101011101
00010000000111000111010000100001
11101111111000001111110101011101
01000111111111100100010110010000
00010000000111000111010000100001
00010100101101010101111001100001
00011101000110011011001011110110
01110111101010001100101000000000
01001111101010001011010100000000
00011101000110011011001100000000
11101111111000001111110000000000
00011101000110011011001100000000
00010000110100000001001100000000
00010000000101111011100100000000
01000100000111100100000000000000
00010000000111000111010100000000
01000111001100001001001000000000
01000111111110000101000100000000
11101111111000001111110000000000
11101111111000001111110000000000
00001111111011111111111100011111
10111010111000100111011111010010
11101111111010001110101110101100
11101111111000001111110101011101
11101111111000001111110101011101
01011101010111100010010101110101
01000100000111100100000110001001
10110010100010111101111010100011
00010000000101111011100011101011
00010000000111000111010000100001
00011101000110011011001011110110
10111111011101000100011101010101
10110001110111100111101111101001
01000100000111100100000110001111
10110010010001000001001000000100
11101010010011001101010001011001
11101111111011001010100110010011
11101111111010001110101110101110
01000111111010011111011000000111
11101111111000001111110101011101
00011101000110111010011100000000
10111010111011000100100001000110
10110001110111100111101111101001
11101111111011001010110000000000
11101111111010001110110000000000
01110100000011101110100000000000
01001010101000010110110000000000
11101111111000001111100000000000
00010111000011010011010000000000
00010000000101111011110000000000
00000110011110110011100000000000
11011101110010000111110000000000
01000111111010011111000000000000
00010000000111000111010000000000
11101111111000001111100000000000
01000111111111100100000000000000
11101111111000001111110101011101
11101010010011001101010001011001
11101010010011001101000000000000
11101111111000001111100000000000
00011101000110011011010000000000
00010000110111110100100000000000
00010000000111000111010000000000
11101010010011001101000000000000
01000100000111100100000100000000
10110010100010111101111100000000
10111111011101000011000000000000
10110001110110010011011100000000
11011101110010000111100000000000
11011111111011010100001000000000
11101111111010001110101000000000
11101111111010001110101000000000
00000110011110110011111000000000
11101111111000001111110000000000
11011111111011010100001110000000
01111010101111100010101010110100
11101111111000001111110101011101
10110001110111100111101111101001
11101111111010001110101110101100
00010000000111000111010000100001
11101111111000001111110101011101
00010000000101111011100100000000
00000110011110110011100000000000
10110001110110010011000000000000
11101010010011010101110000000000
01000111111111000110100000000000
00010000000111000111010000000000
11011111111011010100010000000000
00010100101101000000000000000000
00000110011110100000000000000000
11101111111000010000000000000000
10110010100010110000000000000000
10111111011101010000000000000000
01000111111010000000000000000000
11101111111010010000000000000000
01000111111110010000000000000000
11101111111000010000000000000000
11101111111010100000000000000000
10110001110111110000000000000000
11101110000000000000000000000000
10111111011101100000000000000000
11101000000000000000000000000000
00000000000000000000000000000000
11100000000000000000000000000000
11100000000000000000000000000000
00010000000000000000000000000000
10000000000000000000000000000000
00000000000000000000000000000000
00000000000000000000000000000000
00000000000000000000000000000000
01000101000000000000000000000000
11101110000000000000000000000000
10000000000000000000000000000000
01000000000000000000000000000000
11000000000000000000000000000000
00000000000000000000000000000000
10000000000000000000000000000000
00000000000000000000000000000000
01100011000000000000000000000000
01101100000000000000000000000000
00000000000000000000000000000000
01101000000000000000000000000000
00000000000000000000000000000000
010
