1526
1526
1521
1521
1712
1712
1521
1521
15126
15126
1521
1521
1525
1525
6890
6890
5632
5632
31000
31000
1704
1704
1706
1706
1490
1490
135
135
135
135
1704
1704
1433
1433
1526
1526
135
135
3745
3745
20
20
5555
5555
1550
1550
1521
1521
135
135
1526
1526
14753
14753
1221
1221
5632
5632
1521
1521
1525
1525
1704
1704
1221
1221
1521
1521
1521
1521
1521
1521
1521
1521
14753
14753
135
135
80
80
3745
3745
1708
1708
21
21
1525
1525
5631
5631
1526
1526
21
21
19856
19856
1526
1526
1221
1221
1724
1724
30210
30210
1521
1521
1521
1521
30899
30899
30210
30210
1521
1521
1521
1521
30211
30211
1704
1704
1706
1706
135
135
1712
1712
5631
5631
6790
6790
1734
1734
1521
1521
1711
1711
1521
1521
135
135
5555
5555
14753
14753
1715
1715
1540
1540
135
135
1521
1521
14753
14753
512
512
19856
19856
1733
1733
1715
1715
1521
1521
30899
30899
1526
1526
5632
5632
1521
1521
1521
1521
2115
2115
21
21
1526
1526
14753
14753
1734
1734
1724
1724
1712
1712
1550
1550
1708
1708
1708
1708
1221
1221
1526
1526
1715
1715
1734
1734
30804
30804
1521
1521
5541
5541
1525
1525
1521
1521
1715
1715
1221
1221
1521
1521
1526
1526
1707
1707
1525
1525
80
80
1540
1540
1715
1715
1521
1521
32201
32201
5540
5540
1521
1521
32200
32200
1521
1521
14753
14753
1708
1708
2110
2110
4646
4646
1526
1526
1704
1704
1221
1221
20
20
65500
65500
1221
1221
27400
27400
1521
1521
5540
5540
1489
1489
30804
30804
1521
1521
5632
5632
135
135
1221
1221
5541
5541
1526
1526
1733
1733
1600
1600
1489
1489
5540
5540
1521
1521
1521
1521
1717
1717
135
135
4646
4646
1433
1433
1601
1601
1600
1600
1550
1550
1525
1525
21
21
1521
1521
5631
5631
5555
5555
30210
30210
1433
1433
6890
6890
1600
1600
1525
1525
1521
1521
27000
27000
512
512
1521
1521
1708
1708
1521
1521
1521
1521
6849
6849
1704
1704
1724
1724
1717
1717
55444
55444
1521
1521
1526
1526
5555
5555
20
20
1433
1433
7205
7205
1489
1489
1707
1707
1717
1717
1526
1526
1521
1521
20
20
1521
1521
32201
32201
1711
1711
1525
1525
1712
1712
1540
1540
3745
3745
1733
1733
1704
1704
1724
1724
5540
5540
20
20
5631
5631
1521
1521
1717
1717
1707
1707
6789
6789
1521
1521
1521
1521
1221
1221
1707
1707
1715
1715
14753
14753
1490
1490
2121
2121
1526
1526
1521
1521
5555
5555
12050
12050
20
20
1526
1526
1526
1526
1433
1433
1521
1521
135
135
1705
1705
32201
32201
1704
1704
5555
5555
30211
30211
1724
1724
1712
1712
6000
6000
19856
19856
1221
1221
1433
1433
30899
30899
1490
1490
1490
1490
1433
1433
1490
1490
1525
1525
5555
5555
3745
3745
1707
1707
1433
1433
1521
1521
2051
2051
1521
1521
1705
1705
1717
1717
1521
1521
1711
1711
1715
1715
1712
1712
1717
1717
1521
1521
443
443
5555
5555
1521
1521
5541
5541
20
20
1526
1526
20
20
1221
1221
5540
5540
1708
1708
135
135
5631
5631
6000
6000
1521
1521
21
21
1526
1526
1526
1526
1715
1715
3745
3745
20
20
1733
1733
1221
1221
32200
32200
1433
1433
135
135
6789
6789
14753
14753
1708
1708
1711
1711
20
20
1706
1706
1521
1521
1221
1221
1708
1708
1526
1526
1707
1707
1490
1490
1521
1521
5541
5541
5631
5631
1525
1525
30804
30804
1521
1521
2121
2121
5541
5541
19856
19856
1708
1708
1525
1525
20
20
6789
6789
1708
1708
5632
5632
5631
5631
1734
1734
1521
1521
30211
30211
1602
1602
5555
5555
6789
6789
30804
30804
21
21
3031
3031
1521
1521
1521
1521
5540
5540
1489
1489
1521
1521
1706
1706
21
21
30210
30210
1221
1221
55444
55444
5555
5555
1526
1526
1525
1525
20
20
1705
1705
30211
30211
1712
1712
1715
1715
1707
1707
135
135
1733
1733
12050
12050
1707
1707
6849
6849
21
21
1521
1521
1708
1708
1490
1490
4646
4646
30804
30804
1724
1724
1526
1526
65500
65500
1521
1521
1433
1433
1540
1540
1521
1521
443
443
1526
1526
5543
5543
1734
1734
5555
5555
2051
2051
21
21
1490
1490
1712
1712
512
512
1717
1717
1704
1704
135
135
2115
2115
21
21
1525
1525
1526
1526
135
135
1712
1712
1711
1711
1706
1706
1221
1221
1707
1707
1705
1705
1433
1433
1712
1712
1711
1711
1734
1734
1221
1221
5541
5541
1433
1433
14753
14753
6849
6849
1707
1707
14753
14753
6000
6000
6790
6790
443
443
1525
1525
1540
1540
30804
30804
1706
1706
1521
1521
1526
1526
1433
1433
21
21
1717
1717
1526
1526
20
20
1521
1521
30804
30804
14753
14753
30899
30899
1717
1717
1707
1707
1221
1221
2121
2121
21
21
1715
1715
5555
5555
5555
5555
21
21
14753
14753
32200
32200
135
135
30211
30211
6000
6000
6889
6889
1521
1521
6890
6890
1521
1521
1733
1733
1433
1433
1724
1724
1221
1221
1711
1711
1525
1525
1712
1712
1704
1704
27000
27000
5631
5631
1221
1221
1733
1733
1433
1433
19856
19856
1717
1717
1521
1521
1526
1526
1602
1602
2115
2115
20
20
14753
14753
1712
1712
2121
2121
1521
1521
1708
1708
5540
5540
1540
1540
1489
1489
1711
1711
135
135
21
21
1526
1526
1521
1521
1521
1521
19856
19856
30804
30804
1433
1433
6000
6000
5555
5555
1711
1711
6000
6000
2121
2121
1708
1708
1526
1526
27000
27000
1526
1526
1526
1526
1734
1734
1521
1521
1521
1521
5555
5555
3031
3031
1490
1490
6000
6000
1489
1489
1733
1733
1712
1712
1525
1525
1521
1521
6000
6000
1525
1525
4646
4646
5540
5540
62700
62709
61200
61209
61000
61009
61200
61209
61300
61309
62100
62109
62600
62609
32210
32219
32210
32219
62600
62609
61600
61609
62600
62609
61400
61409
32200
32207
30804
30804
1521
1521
1433
1433
1521
1521
2200
2210
20000
20010
2200
2210
2200
2210
62000
62009
61700
61709
61200
61209
61800
61809
61400
61409
61500
61509
62400
62409
61200
61209
61400
61409
62000
62009
62000
62009
62000
62009
61600
61609
61800
61809
62600
62609
62700
62709
62600
62609
61800
61809
62000
62009
62400
62409
62000
62009
61200
61209
61700
61709
61600
61609
61000
61009
2200
2210
2200
2210
2200
2210
2200
2210
2200
2210
2200
2210
2200
2210
2200
2210
2200
2210
2200
2210
32200
32207
32200
32207
32200
32207
61100
61119
61100
61119
62220
62239
61100
61119
61100
61119
61100
61119
1700
1720
1700
1720
1700
1720
1700
1720
1700
1720
1700
1720
1600
1649
1600
1649
1700
1750
1700
1750
1700
1750
1300
1350
1300
1350
1300
1350
1700
1750
1600
1650
1300
1350
1300
1350
1700
1750
1600
1650
1700
1750
1300
1350
1300
1350
1300
1350
1600
1649
1600
1649
1300
1349
1300
1349
1600
1649
1600
1649
1300
1349
1300
1349
1300
1349
1600
1649
1300
1349
1300
1349
62200
62239
62200
62239
62200
62239
7500
7599
7500
7599
1300
1399
7500
7599
1300
1399
7500
7599
7500
7599
7500
7599
7500
7599
1708
1708
1521
1521
1221
1221
6789
6789
30210
30210
1433
1433
1433
1433
1521
1521
1526
1526
1521
1521
1706
1706
5540
5540
15126
15126
27000
27000
1433
1433
27400
27400
1526
1526
1724
1724
6000
6000
20
20
6000
6000
2121
2121
6000
6000
1526
1526
5555
5555
1521
1521
1526
1526
1711
1711
1489
1489
1711
1711
6849
6849
1704
1704
1521
1521
14753
14753
1712
1712
5631
5631
5555
5555
1734
1734
15121
15121
1521
1521
1521
1521
1025
65535
1025
65535
1025
65535
1025
65535
1025
65535
1025
65535
1025
65535
0
65535
0
65535
0
65535
0
65535
0
65535
0
65535
0
65535
0
65535
0
65535
0
65535
0
65535
0
65535
0
65535
0
65535
0
65535
0
65535
5001
65535
5001
65535
1025
65535
0
65535
0
65535
0
65535
0
65535
0
65535
0
65535
0
65535
0
65535
0
65535
0
65535
0
65535
0
65535
0
65535
0
65535
0
65535
0
65535
0
65535
0
65535
0
65535
0
65535
0
65535
0
65535
0
65535
0
65535
0
65535
0
65535
0
65535
0
65535
0
65535
0
65535
0
65535
0
65535
0
65535
0
65535
0
65535
0
65535
0
65535
0
65535
0
65535
0
65535
0
65535
0
65535
0
65535
0
65535
0
65535
0
65535
0
65535
0
65535
0
65535
0
65535
0
65535
0
65535
0
65535
0
65535
0
65535
0
65535
0
65535
0
65535
0
65535
0
65535
0
65535
0
65535
0
65535
0
65535
0
65535
0
65535
0
65535
0
65535
0
65535
0
65535
0
65535
0
65535
0
65535
0
65535
0
65535
0
65535
0
65535
0
65535
0
65535
0
65535
0
65535
0
65535
0
65535
0
65535
0
65535
0
65535
0
65535
0
65535
0
65535
0
65535
0
65535
0
65535
0
65535
0
65535
0
65535
0
65535
0
65535
0
65535
0
65535
0
65535
0
65535
0
65535
0
65535
0
65535
0
65535
0
65535
0
65535
0
65535
0
65535
0
65535
0
65535
0
65535
0
65535
0
65535
0
65535
0
65535
0
65535
0
65535
0
65535
0
65535
0
65535
0
65535
0
65535
0
65535
0
65535
0
65535
0
65535
0
65535
0
65535
0
65535
0
65535
0
65535
0
65535
0
65535
0
65535
0
65535
0
65535
0
65535
0
65535
0
65535
0
65535
0
65535
0
65535
0
65535
0
65535
0
65535
0
65535
0
65535
0
65535
0
65535
0
65535
0
65535
0
65535
0
65535
0
65535
0
65535
0
65535
0
65535
0
65535
0
65535
0
65535
0
65535
0
65535
0
65535
0
65535
0
65535
0
65535
0
65535
0
65535
0
65535
0
65535
0
65535
0
65535
0
65535
0
65535
0
65535
0
65535
0
65535
0
65535
0
65535
0
65535
0
65535
0
65535
0
65535
0
65535
0
65535
0
65535
0
65535
0
65535
0
65535
0
65535
0
65535
0
65535
0
65535
0
65535
0
65535
0
65535
0
65535
0
65535
0
65535
0
65535
0
65535
0
65535
0
65535
0
65535
0
65535
0
65535
0
65535
0
65535
0
65535
0
65535
0
65535
0
65535
0
65535
0
65535
0
65535
0
65535
0
65535
0
65535
0
65535
0
65535
0
65535
0
65535
0
65535
0
65535
0
65535
0
65535
0
65535
0
65535
0
65535
0
65535
0
65535
0
65535
0
65535
0
65535
0
65535
0
65535
0
65535
0
65535
0
65535
0
65535
0
65535
0
65535
0
65535
0
65535
0
65535
0
65535
0
65535
08
