10110010100010111101100111111011
10110010100010111101100111111011
10110010100010111101100111111011
10110010100010111101100111111011
10110010100010111101100111101100
10110010100010111101100110111010
10110010100010111101100110101011
10110010100010111101100110101010
10110010100010111101100110100011
10110010100010111101100110100011
10110010100010111101100110100011
10110010100010111101100110100011
10110010100010111101100110100011
10110010100010111101100110001111
10110010100010111101100110001111
10110010100010111101100110001111
10110010100010111101100110001111
10110010100010111101100110001101
10110010100010111101100110001101
10110010100010111101100110000100
10110010100010111101100110000100
10110010100010111101100110000100
10110010100010111101100110000100
10110010100010111101100110000100
10110010100010111101100110000100
10110010100010111101100110000100
10110010100010111101100110000100
10110010100010111101100110000100
10110010100010111101100110000100
00010000000111000111001111111001
00010000000111000111001111111001
00010000000111000111001111111110
00010000000111000111001110011100
00010000000111000111001110011101
00010000000111000111001110011011
00010000000111000111001110010001
00010000000111000111001110111100
00010000000111000111001110111110
00010000000111000111001110100010
00010000000111000111001110100010
00010000000111000111001110100010
00010000000111000111001101000110
00010000000111000111001101000100
00010000000111000111001101000100
00010000000111000111001101001010
00010000000111000111001101001010
00010000000111000111001101010100
00010000000111000111001101010101
00010000000111000111001101010101
00010000000111000111001101010101
00010000000111000111001101010101
00010000000111000111001101010101
00010000000111000111001101011001
00010000000111000111001101011001
00010000000111000111001101011001
00010000000111000111001101011001
00010000000111000111001101011001
00010000000111000111001101101011
00010000000111000111001101101011
00010000000111000111001101101011
00010000000111000111001101101011
00010000000111000111001101101011
00010000000111000111001101101011
00010000000111000111001101101011
00010000000111000111001101101011
00010000000111000111001101110010
00010000000111000111001101110010
00010000000111000111001101110010
00010000000111000111001101110010
00010000000111000111001101111100
00010000000111000111001101111100
00010000000111000111001101111100
00010000000111000111001101111100
00010000000111000111001101111011
00010000000111000111001101111011
00010000000111000111001101111010
10110010100010111101100111111011
10110010100010111101100111111011
10110010100010111101100111111011
10110010100010111101100111111011
10110010100010111101100111111011
10110010100010111101100111111011
10110010100010111101100111111011
10110010100010111101100111111011
10110010100010111101100111111011
10110010100010111101100111111011
10110010100010111101100111111011
10110010100010111101100111111011
10110010100010111101100111111011
10110010100010111101100111101101
10110010100010111101100111101101
10110010100010111101100111101101
10110010100010111101100111101101
10110010100010111101100111101101
10110010100010111101100111101101
10110010100010111101100111101101
10110010100010111101100111101100
10110010100010111101100111101100
10110010100010111101100111101100
10110010100010111101100111101100
10110010100010111101100111101100
10110010100010111101100111101100
10110010100010111101100111101100
10110010100010111101100111101100
10110010100010111101100111101100
10110010100010111101100111101100
10110010100010111101100111101100
10110010100010111101100111101100
10110010100010111101100111101100
10110010100010111101100111101100
10110010100010111101100111101100
10110010100010111101100111101100
10110010100010111101100110110111
10110010100010111101100110110111
10110010100010111101100110110111
10110010100010111101100110110111
10110010100010111101100110110111
10110010100010111101100110110000
10110010100010111101100110110000
10110010100010111101100110110000
10110010100010111101100110110000
10110010100010111101100110110000
10110010100010111101100110111010
10110010100010111101100110111010
10110010100010111101100110111010
10110010100010111101100110111010
10110010100010111101100110111010
10110010100010111101100110111010
10110010100010111101100110111010
10110010100010111101100110111010
10110010100010111101100110111010
10110010100010111101100110111010
10110010100010111101100110111010
10110010100010111101100110111010
10110010100010111101100110111010
10110010100010111101100110111010
10110010100010111101100110101011
10110010100010111101100110101011
10110010100010111101100110101011
10110010100010111101100110101011
10110010100010111101100110101011
10110010100010111101100110101010
10110010100010111101100110101010
10110010100010111101100110101010
10110010100010111101100110101010
10110010100010111101100110101010
10110010100010111101100110101010
10110010100010111101100110100011
10110010100010111101100110100011
10110010100010111101100110100011
10110010100010111101100110100011
10110010100010111101100110100011
10110010100010111101100110100011
10110010100010111101100110100011
10110010100010111101100110100011
10110010100010111101100110100011
10110010100010111101100110100011
10110010100010111101100110100011
10110010100010111101100110100011
10110010100010111101100110100011
10110010100010111101100110100011
10110010100010111101100110100011
10110010100010111101100110100011
10110010100010111101100110100011
10110010100010111101100110100011
10110010100010111101100110100011
10110010100010111101100110100011
10110010100010111101100110100011
10110010100010111101100110001111
10110010100010111101100110001111
10110010100010111101100110001111
10110010100010111101100110001111
10110010100010111101100110001111
10110010100010111101100110001101
10110010100010111101100110001101
10110010100010111101100110001101
10110010100010111101100110001101
10110010100010111101100110001101
10110010100010111101100110001101
10110010100010111101100110001101
10110010100010111101100110001101
10110010100010111101100110001101
10110010100010111101100110001101
10110010100010111101100110001101
10110010100010111101100110001101
10110010100010111101100110001101
10110010100010111101100110001101
10110010100010111101100110001101
10110010100010111101100110001101
10110010100010111101100110000100
10110010100010111101100110000100
10110010100010111101100110000100
10110010100010111101100110000100
10110010100010111101100110000100
10110010100010111101100110000100
10110010100010111101100110000100
10110010100010111101100110000100
10110010100010111101100110000100
10110010100010111101100110000100
10110010100010111101100110000100
10110010100010111101100110000100
10110010100010111101100110000100
10110010100010111101100110000100
10110010100010111101100110000100
10110010100010111101100110000100
10110010100010111101100110000100
10110010100010111101100110000100
10110010100010111101100110000100
10110010100010111101100110000100
10110010100010111101100110000100
10110010100010111101100110000100
10110010100010111101100110000100
10110010100010111101100110000100
10110010100010111101100110000100
10110010100010111101100110000100
10110010100010111101100110000100
10110010100010111101100110000100
10110010100010111101100110000100
10110010100010111101100110000100
10110010100010111101100110000100
10110010100010111101100110000100
10110010100010111101100110000100
10110010100010111101100110000100
10110010100010111101100110000100
10110010100010111101100110000100
10110010100010111101100110000100
10110010100010111101100110000100
10110010100010111101100110000100
10110010100010111101100110000100
10110010100010111101100110000100
10110010100010111101100110000100
10110010100010111101100110000100
10110010100010111101100110000100
10110010100010111101100110000100
10110010100010111101100110000100
10110010100010111101100110000100
00010010001111111100110100010000
00010000000111000111001111011101
00010000000111000111001111011010
00010000000111000111001111010011
00010000000111000111001111010010
00010000000111000111001111001010
00010000000111000111001111000001
00010000000111000111001111000111
00010000000111000111001111110100
00010000000111000111001111110100
00010000000111000111001111110100
00010000000111000111001111110011
00010000000111000111001111111001
00010000000111000111001111111001
00010000000111000111001111111001
00010000000111000111001111111100
00010000000111000111001111111110
00010000000111000111001111111110
00010000000111000111001111111110
00010000000111000111001110001111
00010000000111000111001110001111
00010000000111000111001110001110
00010000000111000111001110001100
00010000000111000111001110001100
00010000000111000111001110001100
00010000000111000111001110001100
00010000000111000111001110001100
00010000000111000111001110001100
00010000000111000111001110001100
00010000000111000111001110001100
00010000000111000111001110001100
00010000000111000111001110001100
00010000000111000111001110011101
00010000000111000111001110011011
00010000000111000111001110011011
00010000000111000111001110011011
00010000000111000111001110010001
00010000000111000111001110010001
00010000000111000111001110010001
00010000000111000111001110010001
00010000000111000111001110010001
00010000000111000111001110010001
00010000000111000111001110010001
00010000000111000111001110010001
00010000000111000111001110111010
00010000000111000111001110111010
00010000000111000111001110111010
00010000000111000111001110111010
00010000000111000111001110111010
00010000000111000111001110111010
00010000000111000111001110111010
00010000000111000111001110111010
00010000000111000111001110111100
00010000000111000111001110111100
00010000000111000111001110111100
00010000000111000111001110111110
00010000000111000111001110111110
00010000000111000111001110111110
00010000000111000111001110111110
00010000000111000111001110111110
00010000000111000111001110111110
00010000000111000111001110100010
00010000000111000111001110100010
00010000000111000111001110100010
00010000000111000111001110100010
00010000000111000111001110100010
00010000000111000111001110100010
00010000000111000111001110100010
00010000000111000111001110100010
00010000000111000111001110100010
00010000000111000111001110100010
00010000000111000111001110100010
00010000000111000111001110100010
00010000000111000111001110100010
00010000000111000111001110100010
00010000000111000111001110100010
00010000000111000111001110100010
00010000000111000111001110100010
00010000000111000111001110100010
00010000000111000111001110100010
00010000000111000111001110100010
00010000000111000111001110100010
00010000000111000111001110100010
00010000000111000111001110100010
00010000000111000111001101000110
00010000000111000111001101000110
00010000000111000111001101000110
00010000000111000111001101000100
00010000000111000111001101000100
00010000000111000111001101000100
00010000000111000111001101000100
00010000000111000111001101000100
00010000000111000111001101000100
00010000000111000111001101000100
00010000000111000111001101001010
00010000000111000111001101001010
00010000000111000111001101001010
00010000000111000111001101001010
00010000000111000111001101001010
00010000000111000111001101001010
00010000000111000111001101001010
00010000000111000111001101001010
00010000000111000111001101001010
00010000000111000111001101001010
00010000000111000111001101001010
00010000000111000111001101001010
00010000000111000111001101001010
00010000000111000111001101001010
00010000000111000111001101010100
00010000000111000111001101010100
00010000000111000111001101010100
00010000000111000111001101010100
00010000000111000111001101010101
00010000000111000111001101010101
00010000000111000111001101010101
00010000000111000111001101010101
00010000000111000111001101010101
00010000000111000111001101010101
00010000000111000111001101010101
00010000000111000111001101010101
00010000000111000111001101010101
00010000000111000111001101011001
00010000000111000111001101011001
00010000000111000111001101011001
00010000000111000111001101011001
00010000000111000111001101011001
00010000000111000111001101011001
00010000000111000111001101011001
00010000000111000111001101011001
00010000000111000111001101011001
00010000000111000111001101011001
00010000000111000111001101011001
00010000000111000111001101011001
00010000000111000111001101011001
00010000000111000111001101011001
00010000000111000111001101011001
00010000000111000111001101011001
00010000000111000111001101011001
00010000000111000111001101011001
00010000000111000111001101011001
00010000000111000111001101011001
00010000000111000111001101011001
00010000000111000111001101011001
00010000000111000111001101011001
00010000000111000111001101011001
00010000000111000111001101011001
00010000000111000111001101011001
00010000000111000111001101101011
00010000000111000111001101101011
00010000000111000111001101101011
00010000000111000111001101101011
00010000000111000111001101101011
00010000000111000111001101101011
00010000000111000111001101101011
00010000000111000111001101101011
00010000000111000111001101101011
00010000000111000111001101101011
00010000000111000111001101101011
00010000000111000111001101101011
00010000000111000111001101101011
00010000000111000111001101101011
00010000000111000111001101101011
00010000000111000111001101101011
00010000000111000111001101101011
00010000000111000111001101101011
00010000000111000111001101101011
00010000000111000111001101101011
00010000000111000111001101101011
00010000000111000111001101101011
00010000000111000111001101101011
00010000000111000111001101101011
00010000000111000111001101101011
00010000000111000111001101101011
00010000000111000111001101101011
00010000000111000111001101101011
00010000000111000111001101101011
00010000000111000111001101101011
00010000000111000111001101101011
00010000000111000111001101101011
00010000000111000111001101101011
00010000000111000111001101110010
00010000000111000111001101110010
00010000000111000111001101110010
00010000000111000111001101110010
00010000000111000111001101110010
00010000000111000111001101110010
00010000000111000111001101110010
00010000000111000111001101110010
00010000000111000111001101110010
00010000000111000111001101110010
00010000000111000111001101110010
00010000000111000111001101110010
00010000000111000111001101110010
00010000000111000111001101110010
00010000000111000111001101110010
00010000000111000111001101110010
00010000000111000111001101110010
00010000000111000111001101110010
00010000000111000111001101111100
00010000000111000111001101111100
00010000000111000111001101111100
00010000000111000111001101111100
00010000000111000111001101111100
00010000000111000111001101111100
00010000000111000111001101111100
00010000000111000111001101111100
00010000000111000111001101111100
00010000000111000111001101111100
00010000000111000111001101111100
00010000000111000111001101111100
00010000000111000111001101111100
00010000000111000111001101111100
00010000000111000111001101111100
00010000000111000111001101111011
00010000000111000111001101111011
00010000000111000111001101111011
00010000000111000111001101111011
00010000000111000111001101111011
00010000000111000111001101111011
00010000000111000111001101111011
00010000000111000111001101111011
00010000000111000111001101111011
00010000000111000111001101111011
00010000000111000111001101111010
00010000000111000111001101111010
00010000000111000111001101111010
00010000000111000111001101111010
00010000000111000111001101111010
00010000000111000111001101111010
00010000000111000111001101111010
00010000000111000111001101111010
00010000000111000111001101111010
00010000000111000111001101111010
00010000000111000111001101111010
00010000000111000111001101111010
10110010100010111101100111101110
10110010100010111101100110100000
00010000000111000111001101110000
10110010100010111101100110110010
10110010100010111101100110111000
10110010100010111101100110000110
00010000000111000111001110010010
00010000000111000111001101001000
00010000000111000111001101001000
00010000000111000111001101011010
00010000000111000111001101111000
10110010100010111101100110001101
10110010100010111101100110000100
10110010100010111101100110000100
00010000000111000111001110010001
00010000000111000111001101011001
00010000000111000111001101101011
00010000000111000111001101110010
10110010100010111101100111111011
10110010100010111101100110000100
00010000000111000111001110010001
00010000000111000111001110111010
00010000000111000111001110111100
00010000000111000111001110100010
00010000000111000111001101011001
00010000000111000111001101101011
00010000000111000111001101101011
00010000000111000111001101110010
00010000000111000111001101111100
00010000000111000111001101111100
00010000000111000111001101111010
10110010100010111101100110001111
10110010100010111101100110001101
10110010100010111101100110000100
00010000000111000111001111111100
00010000000111000111001101101011
10110010100010111101100110000100
00010000000111000111001110100010
00010000000111000111001101011001
00010000000111000111001101111100
10110010100010111101100111111011
10110010100010111101100111101101
10110010100010111101100111101101
10110010100010111101100111101100
10110010100010111101100110101010
10110010100010111101100110101010
10110010100010111101100110101010
10110010100010111101100110100011
10110010100010111101100110100011
10110010100010111101100110100011
10110010100010111101100110001111
10110010100010111101100110001111
10110010100010111101100110000100
10110010100010111101100110000100
10110010100010111101100110000100
10110010100010111101100110000100
00010000000111000111001110001100
00010000000111000111001110010001
00010000000111000111001110100010
00010000000111000111001110100010
00010000000111000111001110100010
00010000000111000111001101000110
00010000000111000111001101011001
00010000000111000111001101101011
00010000000111000111001101111011
10110010100010111101100111101101
10110010100010111101100110001111
10110010100010111101100110000100
10110010100010111101100110000100
00010000000111000111001111110011
00010000000111000111001110111110
00010000000111000111001101001010
00010000000111000111001101011001
00010000000111000111001101101011
00010000000111000111001101110010
10110010100010111101100110001101
00010000000111000111001101110010
00010000000111000111001101111100
10110010100010111101100110110000
10110010100010111101100110110000
10110010100010111101100110111010
00010000000111000111001111011101
00010000000111000111001111110011
00010000000111000111001101101011
10110010100010111101100110100011
10110010100010111101100110001111
10110010100010111101100110001101
10110010100010111101100110000100
00010000000111000111001101001010
00010000000111000111001101110010
10110010100010111101100110000100
00010000000111000111001101010100
10110010100010111101100111111011
10110010100010111101100110111010
10110010100010111101100110101011
10110010100010111101100110100011
10110010100010111101100110001101
10110010100010111101100110000100
00010000000111000111001110011100
00010000000111000111001110010001
00010000000111000111001110100010
00010000000111000111001110100010
00010000000111000111001101001010
00010000000111000111001101001010
00010000000111000111001101010100
00010000000111000111001101011001
00010000000111000111001101111100
00010000000111000111001101111010
10110010100010111101100111111011
10110010100010111101100111101101
10110010100010111101100110100011
10110010100010111101100110000100
00010000000111000111001101001010
00010000000111000111001101011001
00010000000111000111001101101011
00010000000111000111001101101011
00010000000111000111001101110010
00010000000111000111001101111100
00010000000111000111001101111010
00010000000111000111001101111010
10110010100010111101100111101101
00010000000111000111001110111110
00010000000111000111001110100010
10110010100010111101100110001101
00010000000111000111001101011001
00010000000111000111001101111100
10110010100010111101100110000100
00010000000111000111001110111110
00010000000111000111001110100010
00010000000111000111001101011001
00010000000111000111001101011001
00010000000111000111001101101011
00010000000111000111001000000000
00010000000111000111001000000000
00010000000111000111001000000000
10110010100010111101100000000000
10110010100010111101100000000000
10110010100010111101100000000000
10110010100010111101100000000000
00010000000111000111001000000000
00010000000111000111001000000000
00010000000111000111001000000000
00010000000111000111001000000000
00010000000111000111001000000000
00010000000111000111001000000000
00010000000111000111001000000000
10110010100010111101100111101100
00010000000111000111001110100010
00010000000111000111001101011001
10110010100010111101100111111011
10110010100010111101100111101100
10110010100010111101100110100011
10110010100010111101100110001101
00010000000111000111001111111001
00010000000111000111001101010100
00010000000111000111001101101011
00010000000111000111001101111010
10110010100010111101100000000000
00010000000111000111001000000000
00010000000111000111001000000000
10110010100010111101100110000110
10110010100010111101100110000110
00010000000111000111001110100000
00010000000111000111001101101000
10110010100010111101100111111100
10110010100010111101100111101000
10110010100010111101100110000000
00010000000111000111001110010100
00010000000111000111001110100100
00010000000111000111001101001100
00010000000111000111001101101100
00010000000111000111001101101100
00010000000111000111001000000000
10110010100010111101100110000100
10110010100010111101100111101101
10110010100010111101100110100011
10110010100010111101100110001111
10110010100010111101100110001101
00010000000111000111001111001010
00010000000111000111001101001010
10110010100010111101100110110000
10110010100010111101100110100011
10110010100010111101100110100011
10110010100010111101100110100011
10110010100010111101100110001111
10110010100010111101100110001111
10110010100010111101100110001101
00010000000111000111001111000111
00010000000111000111001111111100
00010000000111000111001110111110
00010000000111000111001101001010
00010000000111000111001101011001
00010000000111000111001101101011
00010000000111000111001101110010
00010000000111000111001101111011
00010000000111000111001101111010
00010000000111000111001110010001
00010000000111000111001110100010
00010000000111000111001110100000
10110010100010111101100111111011
10110010100010111101100111111011
10110010100010111101100111111011
10110010100010111101100111111011
10110010100010111101100111101101
10110010100010111101100111101101
10110010100010111101100111101100
10110010100010111101100111101100
10110010100010111101100111101100
10110010100010111101100111101100
10110010100010111101100110110111
10110010100010111101100110110000
10110010100010111101100110111010
10110010100010111101100110111010
10110010100010111101100110111010
10110010100010111101100110111010
10110010100010111101100110111010
10110010100010111101100110111010
10110010100010111101100110111010
10110010100010111101100110101011
10110010100010111101100110101010
10110010100010111101100110100011
10110010100010111101100110100011
10110010100010111101100110100011
10110010100010111101100110100011
10110010100010111101100110001111
10110010100010111101100110001111
10110010100010111101100110001101
10110010100010111101100110000100
10110010100010111101100110000100
10110010100010111101100110000100
10110010100010111101100110000100
10110010100010111101100110000100
10110010100010111101100110000100
10110010100010111101100110000100
00010000000111000111001111010011
00010000000111000111001111000001
00010000000111000111001111110011
00010000000111000111001111111110
00010000000111000111001110001111
00010000000111000111001110001110
00010000000111000111001110001110
00010000000111000111001110001110
00010000000111000111001110001100
00010000000111000111001110001100
00010000000111000111001110011011
00010000000111000111001110010001
00010000000111000111001110010001
00010000000111000111001110010001
00010000000111000111001110010001
00010000000111000111001110111010
00010000000111000111001110111010
00010000000111000111001110111100
00010000000111000111001110111110
00010000000111000111001110100010
00010000000111000111001110100010
00010000000111000111001110100010
00010000000111000111001110100010
00010000000111000111001110100010
00010000000111000111001101000110
00010000000111000111001101001010
00010000000111000111001101001010
00010000000111000111001101001010
00010000000111000111001101010100
00010000000111000111001101010101
00010000000111000111001101010101
00010000000111000111001101011001
00010000000111000111001101011001
00010000000111000111001101011001
00010000000111000111001101101011
00010000000111000111001101101011
00010000000111000111001101101011
00010000000111000111001101101011
00010000000111000111001101101011
00010000000111000111001101101011
00010000000111000111001101110010
00010000000111000111001101110010
00010000000111000111001101110010
00010000000111000111001101111100
00010000000111000111001101111100
00010000000111000111001101111100
00010000000111000111001101111011
00010000000111000111001101111010
00010000000111000111001101111010
00010000000111000111001101111010
00010000000111000111001101001000
10110010100010111101100110110100
10110010100010111101100110101000
10110010100010111101100110100000
00010000000111000111001110010010
00010000000111000111001101101000
00010000000111000111001101111000
00010000000111000111001101111010
00010000000111000111001111001100
00010000000111000111001101010000
10110010100010111101100110111010
10110010100010111101100111111011
10110010100010111101100111111011
10110010100010111101100111101100
10110010100010111101100111101100
10110010100010111101100110101011
10110010100010111101100110101010
10110010100010111101100110100011
10110010100010111101100110001111
10110010100010111101100110001101
10110010100010111101100110001101
10110010100010111101100110000100
10110010100010111101100110000100
10110010100010111101100110000100
10110010100010111101100110000100
00010000000111000111001111001010
00010000000111000111001111000110
00010000000111000111001110011011
00010000000111000111001110011011
00010000000111000111001110010001
00010000000111000111001110111100
00010000000111000111001110111110
00010000000111000111001110100010
00010000000111000111001101000110
00010000000111000111001101001010
00010000000111000111001101001010
00010000000111000111001101001010
00010000000111000111001101010100
00010000000111000111001101010101
00010000000111000111001101011001
00010000000111000111001101101011
00010000000111000111001101101011
00010000000111000111001101110010
00010000000111000111001101110010
00010000000111000111001101111100
00010000000111000111001101111010
00010000000111000111001101111010
10110010100010111101100111111011
10110010100010111101100111101100
10110010100010111101100110111010
10110010100010111101100110111010
10110010100010111101100110101010
10110010100010111101100110001101
10110010100010111101100110001101
00010000000111000111001110001110
00010000000111000111001101000100
00010000000111000111001101001010
00010000000111000111001101101011
00010000000111000111001101101011
00010000000111000111001101111010
10110010100010111101100000000000
00010000000111000111001000000000
00010000000111000111001000000000
00010000000111000111001000000000
00010000000111000111001000000000
10110010100010111101100000000000
10110010100010111101100000000000
10110010100010111101100000000000
10110010100010111101100000000000
10110010100010111101100000000000
00010000000111000111001000000000
00010000000111000111001000000000
00010000000111000111001000000000
00010000000111000111001000000000
00010000000111000111001000000000
00010000000111000111001000000000
00010000000111000111001000000000
00010000000111000111001000000000
00010000000111000111001000000000
00010000000111000111001000000000
10110010100010111101100110111000
00010000000111000111001000000000
00010000000111000111001110011110
00010000000111000111001101011001
00010000000111000111001101101011
10110010100010111101100111111011
10110010100010111101100111101101
10110010100010111101100111101100
10110010100010111101100110100011
10110010100010111101100110000100
00010000000111000111001110111010
00010000000111000111001110100010
00010000000111000111001101010101
00010000000111000111001101011001
00010000000111000111001101101011
00010000000111000111001101111010
10110010100010111101100110100100
00010000000111000111001101010000
00010000000111000111001101001000
00010000000111000111001101110000
10110010100010111101100110101100
10110010100010111101100110001000
00010000000111000111001110100100
00010000000111000111001101010000
00010000000111000111001000000000
10110010100010111101100110101010
00010000000111000111001111110100
00010000000111000111001110001100
00010000000111000111001110100010
00010000000111000111001101000100
00010000000111000111001101011001
00010000000111000111001101101011
00010000000111000111001101101011
00010000000111000111001101111011
00010000000111000111001000000000
10110010100010111101100000000000
10110010100010111101100000000000
00010000000111000111001000000000
00010000000111000111001000000000
00010000000111000111001000000000
00010000000111000111001000000000
10110010100010111101100000000000
10110010100010111101100111101100
00010000000111000111001110001100
00010000000111000111001101000100
00010000000111000111001101110010
00010000000111000111001110100100
00010000000111000111001110100100
00010000000111000111001000000000
10110010100010111101100000000000
10110010100010111101100000000000
10110010100010111101100000000000
00010000000111000111001000000000
00010000000111000111001000000000
00010000000111000111001000000000
00010000000111000111001000000000
00010000000111000111001000000000
00010000000111000111001000000000
00010000000111000111001000000000
00010000000111000111001000000000
00010000000111000111001000000000
00010000000111000111001000000000
10110010100010111101100000000000
00010000000111000111001000000000
00010000000111000111001000000000
10110010100010111101100000000000
00010000000111000111001000000000
00010000000111000111001000000000
10110010100010111101100000000000
00010000000111000111001000000000
00010000000111000111001000000000
00010000000111000111001000000000
00010000000111000111001000000000
00010000000111000111001000000000
00010000000111000111001000000000
10110010100010111101100000000000
00010000000111000111001000000000
10110010000000000000000000000000
00000000000000000000000000000000
00000000000000000000000000000000
00000000000000000000000000000000
00000000000000000000000000000000
00010000000000000000000000000000
