766
610
315
185
766
766
241
802
660
148
631
44
31
644
26
79
42
708
507
677
110
35
620
644
7
422
766
620
8
8
8
8
847
793
26
882
486
651
42
507
37
23
231
282
105
105
105
621
495
651
104
185
428
812
901
264
101
26
117
242
170
566
566
566
367
50
651
481
481
843
843
27
69
409
2
2
35
23
39
65
677
504
711
711
555
81
632
651
651
651
651
651
651
651
651
651
651
651
651
651
651
651
651
651
651
651
651
651
651
651
73
117
651
69
649
73
474
474
474
474
474
902
902
644
644
644
8
766
507
636
766
746
45
458
651
555
677
47
65
621
730
766
262
71
644
185
514
148
20
20
20
52
272
632
644
644
644
644
644
644
148
594
606
257
10
10
10
10
10
10
10
555
58
651
651
621
805
805
805
805
805
148
17
805
65
117
120
309
913
766
46
69
5
148
623
651
651
514
64
644
56
644
651
651
651
496
378
135
677
57
238
805
474
119
878
901
458
33
49
49
49
566
8
65
764
258
651
282
34
238
902
238
651
47
257
644
15
57
563
566
477
57
19
893
893
484
694
95
623
651
555
656
644
413
811
46
258
79
308
507
606
119
711
848
566
23
185
644
23
428
304
766
166
894
42
7
639
47
135
46
903
240
83
890
651
22
317
172
172
172
490
803
893
52
610
610
644
458
69
69
890
835
46
54
124
644
65
512
804
644
644
526
913
42
128
128
128
128
898
566
566
566
566
213
766
481
502
213
644
120
512
606
660
110
110
563
210
820
677
308
224
18
654
44
766
79
44
507
217
644
507
845
879
644
495
47
644
236
236
898
52
889
101
766
766
21
217
603
234
242
231
507
668
766
73
644
632
882
882
882
882
882
882
882
882
882
882
882
882
882
882
882
882
882
882
882
882
882
882
882
882
882
882
882
882
882
882
882
882
882
882
882
882
882
882
882
882
882
882
882
882
882
882
882
882
882
882
882
882
882
882
882
882
882
882
870
69
481
879
240
409
840
840
840
840
840
840
840
840
840
840
840
840
840
840
840
840
840
840
840
840
840
840
840
840
840
840
840
840
840
840
840
840
840
840
840
840
840
840
840
840
840
840
840
840
840
840
840
840
840
840
840
840
840
840
840
840
840
840
840
840
840
840
840
840
840
840
840
840
840
840
840
840
840
840
840
840
840
840
840
840
840
840
840
840
840
840
840
840
840
840
840
840
840
840
840
840
840
840
840
840
840
840
840
840
840
840
840
840
840
840
840
840
840
840
840
840
840
840
840
840
840
840
840
840
840
840
840
840
840
840
840
840
840
840
840
840
840
840
840
840
840
840
840
840
840
840
840
840
840
840
840
840
840
840
840
840
840
840
840
840
840
840
840
840
840
840
840
840
840
840
840
840
840
840
840
840
840
840
840
840
840
840
840
840
840
840
840
840
840
840
840
840
840
840
840
840
840
840
840
840
840
840
840
840
840
840
840
840
840
840
840
840
840
840
840
840
840
840
840
840
840
840
840
840
840
840
840
840
840
840
840
840
840
840
840
840
840
840
840
840
840
840
840
840
840
840
840
840
840
840
840
840
840
840
840
840
840
840
840
840
840
840
840
840
840
840
840
840
840
840
840
840
840
840
840
840
840
840
840
840
840
840
840
840
840
840
840
840
840
840
840
840
840
840
840
840
840
840
840
840
840
840
840
840
840
840
840
840
840
840
840
840
840
840
840
840
840
840
840
840
840
840
840
840
840
840
840
840
840
840
840
840
840
840
840
840
840
840
840
840
840
840
840
840
840
840
840
840
840
840
840
840
840
840
840
840
840
840
840
840
840
840
840
840
840
840
840
840
840
840
840
840
840
840
840
840
840
840
840
840
840
840
840
840
840
840
840
840
840
840
840
840
840
840
840
840
840
840
840
840
840
840
840
840
840
840
840
840
840
840
840
840
840
840
840
840
840
840
840
840
840
840
840
840
840
840
840
840
840
840
840
840
840
840
840
840
840
840
840
840
840
840
840
840
840
840
840
840
840
840
840
840
840
840
840
840
840
840
840
840
840
840
840
840
840
840
840
840
840
840
840
840
840
840
840
840
840
840
840
840
840
840
840
840
840
840
840
840
840
840
840
840
840
840
840
840
840
840
840
840
840
840
840
840
840
840
840
840
840
840
840
840
840
840
840
840
840
840
840
840
840
840
840
840
840
840
840
840
840
840
840
840
840
840
840
840
840
840
840
840
840
840
840
840
840
840
840
840
840
840
840
840
840
840
840
840
840
840
840
840
840
840
840
840
840
840
840
840
840
840
840
840
840
840
840
840
840
840
840
840
840
840
840
840
840
840
840
840
840
840
840
840
840
840
840
840
840
840
840
840
840
840
840
840
840
840
840
840
840
840
840
840
840
840
840
840
840
840
840
840
840
840
840
840
840
840
840
840
840
840
840
840
840
840
840
840
840
840
840
840
840
840
840
840
840
840
840
840
840
840
840
840
840
840
840
840
840
840
840
840
840
840
840
840
840
840
840
840
840
840
840
840
840
840
840
840
840
840
840
840
840
840
840
840
840
840
840
840
840
840
840
840
840
840
840
840
840
840
840
840
840
840
840
840
840
840
840
840
840
840
840
840
840
840
840
840
840
840
840
840
840
840
840
840
840
840
840
840
840
840
840
840
840
840
840
840
840
840
840
840
840
840
840
840
840
840
840
840
840
840
840
840
840
840
840
840
840
840
840
840
840
840
840
840
840
840
840
840
840
840
840
840
840
840
840
840
840
840
840
840
840
840
840
840
840
840
840
840
840
840
840
840
840
840
840
840
840
840
840
840
840
840
840
840
840
840
840
840
840
840
840
840
840
840
840
840
840
840
840
840
840
840
840
840
840
840
840
840
840
840
840
840
840
840
840
840
840
840
840
840
840
840
840
840
840
840
840
840
840
840
840
840
840
840
840
840
840
840
23
13
148
856
579
255
41
728
499
79
79
561
555
37
75
49
49
49
73
143
143
766
766
766
766
766
766
766
19
2
306
112
812
73
244
507
185
19
651
766
306
34
19
566
890
766
41
73
551
630
890
148
69
9
902
644
644
231
231
231
231
128
514
766
308
90
47
378
651
471
885
897
651
901
766
244
17
27
644
902
41
18
18
69
651
651
651
651
651
71
551
210
517
766
367
272
505
651
56
69
69
148
644
606
128
23
594
120
120
42
651
16
57
766
103
486
30
480
667
644
644
644
65
651
51
651
516
185
117
47
47
651
213
104
231
282
282
282
282
282
282
282
282
282
282
282
282
282
282
282
282
65
65
8
897
555
256
766
848
848
644
603
90
16
16
656
651
835
644
57
566
119
651
561
561
561
561
561
561
561
3
900
900
182
87
65
135
117
117
646
512
651
185
23
847
52
561
75
213
213
213
213
213
213
213
213
213
213
213
213
514
27
89
766
561
5
5
495
495
651
2
46
54
84
11
11
367
65
52
1
677
594
134
57
79
113
766
57
26
23
65
644
603
768
18
694
694
694
694
626
20
644
644
644
65
644
644
65
126
102
693
315
315
651
644
651
654
501
502
57
185
644
50
40
40
40
26
563
254
458
513
766
117
805
805
26
888
766
651
668
677
44
54
46
119
119
367
651
13
317
603
603
835
865
848
280
280
280
280
870
73
117
49
49
106
644
86
766
766
367
677
29
804
804
804
804
804
804
804
804
804
804
804
804
804
804
804
804
897
57
677
651
651
42
880
766
69
69
507
677
644
651
627
644
35
555
23
13
97
507
511
57
549
606
265
504
148
148
711
217
65
766
103
110
603
75
480
480
644
163
73
495
20
51
205
112
367
23
23
23
23
330
507
38
127
319
651
676
185
19
148
632
644
409
57
17
17
231
110
644
117
99
99
253
52
148
504
119
620
651
651
13
677
38
23
176
766
512
73
65
73
231
603
660
90
42
579
501
555
651
651
30
18
495
172
44
39
378
651
507
507
507
148
603
36
378
603
767
606
21
651
67
67
651
52
835
303
47
651
566
367
65
330
185
67
67
52
27
23
644
644
254
65
499
499
766
561
19
50
38
69
19
644
90
143
110
3
506
19
306
677
677
677
677
677
677
677
677
677
677
677
44
8
52
639
639
458
551
16
90
644
367
56
522
766
135
280
848
58
656
282
41
651
651
644
3
75
67
291
78
677
496
561
555
651
651
8
69
251
555
766
44
566
57
57
246
35
35
35
73
626
23
131
555
677
101
52
606
566
619
675
675
878
651
508
623
45
22
603
41
110
315
677
898
168
42
555
566
651
20
20
105
804
651
501
50
625
231
603
258
808
272
886
811
57
651
579
305
231
651
2
644
42
40
40
143
143
315
651
651
135
313
644
644
315
119
119
119
119
594
57
57
57
1
766
119
69
660
57
561
119
47
654
766
280
315
168
677
131
50
555
75
845
20
766
551
178
148
13
888
490
644
644
677
887
22
804
804
804
804
89
644
119
644
644
313
651
89
89
50
594
502
507
507
507
507
507
507
507
507
30
256
674
674
555
555
555
912
57
483
19
148
330
367
603
495
511
185
185
511
47
330
330
507
237
65
148
766
21
651
766
79
79
75
646
52
619
651
409
549
490
561
213
213
58
766
644
644
644
566
566
566
566
409
409
514
514
330
15
894
644
507
312
644
766
677
185
644
42
39
870
644
292
596
816
16
499
487
651
106
152
50
46
185
766
913
766
639
330
330
330
330
52
603
312
594
10
134
134
134
134
641
6
367
367
549
110
591
591
591
501
134
134
52
258
315
143
746
300
261
44
495
766
495
606
42
231
231
231
231
330
549
69
29
75
305
39
69
69
69
69
69
26
26
71
71
566
555
651
79
677
65
65
65
65
65
65
65
65
65
766
42
65
110
94
766
766
52
67
69
57
57
40
128
73
606
641
89
89
313
651
44
618
887
766
646
185
850
483
483
17
766
81
764
644
644
38
112
481
148
103
65
651
73
125
19
113
257
651
900
21
20
37
829
499
499
913
57
563
821
67
495
57
69
69
129
646
37
73
677
330
13
644
49
79
766
301
651
65
65
258
21
566
65
110
110
110
110
110
110
110
110
766
506
123
129
563
563
563
563
563
563
563
563
563
563
563
563
563
563
651
32
32
77
69
596
514
52
324
77
119
34
660
516
52
52
52
887
213
54
34
36
481
865
103
641
644
889
241
241
656
477
77
45
45
125
311
77
378
651
766
902
805
805
69
69
69
242
566
705
163
166
176
310
310
555
143
143
644
766
125
884
51
766
668
37
258
258
258
258
258
258
57
34
632
117
117
21
148
706
651
38
651
882
103
330
19
671
300
367
97
627
644
644
73
644
651
563
651
272
594
65
746
869
54
54
54
54
54
54
766
644
644
512
117
46
499
913
262
57
848
507
912
50
101
101
101
473
896
566
246
766
487
810
619
166
645
507
706
42
42
44
644
73
126
555
555
300
644
34
514
65
210
46
644
148
566
73
651
8
119
651
644
894
594
41
41
41
766
478
651
495
105
644
113
176
483
566
73
40
128
552
73
651
52
651
848
128
913
677
677
205
879
878
11
641
848
913
495
58
58
238
210
651
44
900
135
677
644
885
555
44
99
19
555
15
15
15
15
29
57
42
555
566
8
23
507
106
36
69
47
23
21
134
272
258
651
37
766
651
606
890
890
551
143
491
766
651
644
65
865
242
90
282
803
847
67
651
213
651
651
651
651
651
651
865
77
23
217
52
476
766
804
396
396
396
396
396
396
396
396
396
13
667
667
309
766
644
644
766
65
166
651
246
224
148
487
487
668
499
766
549
428
282
626
42
258
767
42
280
185
867
651
57
651
65
396
644
728
65
579
671
766
95
644
481
511
8
50
272
644
820
85
503
52
644
766
621
677
65
162
23
367
2
261
205
594
644
886
57
178
502
172
38
821
71
71
71
71
71
71
39
65
57
89
766
101
41
42
47
490
29
884
413
766
172
555
65
651
651
508
44
69
253
185
848
606
644
73
77
641
511
511
511
19
51
77
37
75
75
629
231
119
676
258
258
258
258
258
709
820
671
644
41
506
54
306
46
566
511
766
103
651
885
644
507
65
879
879
879
879
879
879
148
110
168
168
168
26
52
75
486
260
185
224
79
73
39
99
378
52
566
886
886
135
117
117
117
491
903
651
651
651
651
651
651
651
651
651
651
651
651
651
651
651
651
651
651
651
651
651
651
256
42
42
231
506
766
258
258
258
258
258
258
258
185
21
848
566
87
901
148
93
93
475
231
282
282
644
660
903
23
19
367
254
566
501
566
677
90
552
625
625
625
625
625
626
625
185
256
256
256
651
627
566
898
898
898
898
898
898
898
898
898
898
898
898
898
898
898
898
898
898
898
898
898
898
898
898
898
898
898
898
898
898
898
898
898
898
898
898
898
898
898
898
898
898
566
54
47
143
69
69
69
69
69
69
69
69
315
162
897
897
897
897
897
897
897
897
897
897
897
897
897
897
897
120
644
644
644
897
42
841
517
566
651
128
116
644
224
766
172
110
677
677
503
632
75
77
766
311
561
561
561
561
58
885
35
848
282
69
835
566
499
805
805
805
805
805
805
805
805
805
805
805
805
805
903
624
603
566
256
651
52
317
26
89
883
883
507
766
651
651
95
651
79
148
507
644
102
30
644
555
13
34
54
54
54
52
117
766
766
766
128
106
489
644
644
79
651
166
75
213
256
65
651
104
396
651
26
651
490
644
644
644
644
644
644
644
644
644
644
644
644
644
644
644
644
644
644
644
846
766
38
651
148
176
178
644
47
47
44
566
507
566
13
491
651
280
280
280
280
280
47
862
913
644
20
65
65
119
483
85
624
651
134
116
116
116
116
116
116
116
116
116
501
6
106
555
20
651
901
367
507
57
672
42
23
514
103
555
555
458
143
41
135
563
170
793
257
894
507
507
507
520
594
306
644
85
644
805
54
643
651
176
805
37
644
300
116
651
51
913
57
7
458
26
493
143
57
841
18
40
644
549
549
99
644
120
802
649
19
845
845
845
845
845
845
845
57
850
52
555
677
514
512
306
677
603
810
8
87
38
644
644
644
644
644
315
651
766
367
633
77
766
711
711
810
231
471
13
116
494
26
253
887
887
330
306
651
79
651
311
645
840
134
134
134
134
134
134
134
507
4
213
677
764
649
651
645
57
148
651
490
27
793
23
882
804
317
458
282
570
428
619
845
26
26
217
50
644
644
644
863
863
863
863
863
863
863
890
890
890
890
890
890
890
898
651
81
65
496
106
73
304
677
112
4
644
644
57
606
845
367
676
244
766
766
766
766
45
75
495
651
651
651
34
12
79
262
651
651
651
265
413
886
8
672
563
644
766
282
247
247
247
247
603
603
603
603
57
65
606
481
481
677
476
566
483
57
57
90
566
623
77
185
555
378
20
880
626
185
26
8
42
413
810
677
49
644
100
603
507
651
112
409
65
19
885
42
644
555
555
555
555
555
555
555
555
555
555
555
555
555
555
555
555
555
555
555
555
555
555
555
555
555
555
555
555
555
555
555
555
555
555
555
555
555
555
555
555
555
555
555
555
555
555
555
20
507
148
50
651
94
894
185
56
630
67
101
101
768
651
134
644
514
491
566
807
18
57
651
458
458
458
802
246
651
29
513
654
566
766
280
766
766
301
148
37
213
213
645
34
20
106
651
27
651
867
128
603
618
896
651
766
52
506
526
65
13
38
75
526
210
210
308
478
671
251
41
110
231
508
677
913
865
40
902
42
124
117
282
677
677
258
676
766
766
766
766
766
766
766
766
766
766
766
766
766
766
766
766
766
766
812
264
57
42
73
808
766
241
16
18
651
102
102
102
102
610
22
306
110
708
708
65
65
333
651
627
119
805
651
620
65
677
69
621
651
312
501
37
644
843
651
671
894
912
102
330
893
65
27
913
865
507
883
77
134
134
134
134
134
134
134
134
134
134
134
622
80
636
651
6
79
7
113
766
651
803
47
490
490
100
134
636
766
75
603
23
256
29
29
29
29
0
644
234
913
651
35
880
310
41
41
41
41
41
41
649
566
804
507
845
26
677
23
258
694
280
603
308
65
65
17
110
413
90
816
603
69
105
603
87
517
766
210
210
210
552
13
644
651
766
766
129
788
566
276
41
110
495
246
36
36
766
27
594
594
119
29
57
90
45
880
880
644
49
244
101
493
493
23
73
882
555
458
651
555
42
148
65
894
551
644
119
306
42
793
13
13
555
555
651
644
805
644
112
57
651
820
73
134
484
110
103
23
17
41
494
494
97
766
54
52
75
69
182
224
677
488
570
626
644
19
507
766
766
272
513
46
651
117
865
217
812
603
603
276
636
38
496
231
135
499
472
644
81
644
127
507
507
507
507
507
507
549
603
51
148
644
507
57
641
78
563
865
644
282
805
54
178
178
178
178
178
178
178
178
178
178
178
178
178
651
651
651
651
651
651
644
627
57
845
256
766
148
8
8
8
8
8
8
8
50
23
23
23
89
16
46
594
883
42
42
17
101
10
651
643
643
829
651
477
766
836
644
766
143
20
619
252
94
105
210
486
21
644
495
651
848
644
766
308
619
57
517
636
75
507
632
185
630
522
644
489
633
651
422
766
152
123
123
120
246
57
511
644
563
166
488
330
57
330
65
883
34
34
34
34
34
490
490
495
848
19
37
566
413
413
413
413
413
413
413
413
413
413
413
413
413
413
413
413
185
148
46
675
80
37
357
127
213
213
213
213
213
213
480
79
766
766
7
19
19
19
19
19
19
19
19
19
19
19
19
19
19
19
19
19
19
19
19
19
19
19
19
19
19
19
19
651
711
631
631
257
303
110
768
903
253
57
484
9
902
902
705
483
651
378
644
185
900
79
312
73
766
651
897
499
256
859
644
134
804
625
46
324
148
632
47
79
886
135
859
859
859
859
859
895
57
651
75
26
282
210
210
210
210
210
210
210
210
210
210
210
210
210
210
210
210
210
210
210
210
210
210
210
210
210
210
210
210
210
210
210
210
566
69
644
37
897
897
897
897
897
644
123
148
148
231
555
258
256
34
42
113
603
658
317
508
508
508
508
508
90
651
476
506
633
631
172
507
47
566
85
651
224
708
632
651
651
651
566
103
103
101
300
644
87
651
119
651
65
65
69
103
103
566
651
110
313
300
51
27
644
766
555
310
113
367
677
677
677
677
677
276
507
766
766
766
113
641
808
135
143
505
367
14
41
65
83
902
902
902
77
651
882
413
409
409
409
312
643
69
176
494
255
255
486
486
486
486
486
486
486
486
486
486
486
486
486
486
486
486
486
486
486
486
486
486
486
486
486
486
486
486
486
486
486
486
486
486
486
486
486
486
486
486
486
486
486
486
486
486
486
486
486
486
486
486
486
606
627
304
651
170
170
170
170
170
170
170
170
644
549
282
644
644
644
644
644
644
644
644
644
644
644
644
644
644
845
845
555
148
148
42
561
644
19
841
902
97
97
97
21
766
644
65
57
413
131
566
902
57
134
766
280
626
551
73
551
246
644
549
128
766
19
579
458
42
135
477
883
566
644
13
511
499
566
566
566
566
185
18
651
651
185
367
367
367
367
41
26
644
766
34
34
34
34
34
34
34
34
34
34
34
34
185
606
101
18
231
499
313
623
185
766
843
651
508
65
65
44
47
31
126
89
57
42
816
246
644
73
551
897
185
185
649
27
549
516
422
902
20
205
481
821
566
44
677
57
103
75
95
69
308
304
644
57
651
22
473
30
101
101
101
5
5
802
94
54
711
299
178
310
898
101
508
185
644
409
15
244
119
67
526
494
495
54
57
829
64
75
603
396
119
651
651
651
651
651
651
651
651
651
651
651
495
367
884
591
651
644
16
134
224
128
517
644
496
69
65
511
864
106
19
472
766
902
644
840
77
26
555
651
65
11
11
11
11
11
11
11
11
11
766
4
172
0
766
256
651
7
566
8
317
185
23
23
23
23
23
23
23
23
23
23
805
807
117
566
13
555
766
651
594
766
627
517
517
517
517
517
517
517
517
517
517
517
517
517
517
517
517
517
517
517
517
517
517
517
517
517
517
517
517
517
517
517
517
517
517
517
517
517
517
517
517
517
517
517
517
517
517
517
517
517
517
517
517
517
517
517
112
644
110
57
162
50
836
166
913
913
913
41
23
110
766
27
46
42
526
526
526
526
526
526
526
526
526
526
526
526
526
526
526
526
526
526
526
526
526
526
526
526
526
526
526
526
526
526
526
526
526
57
244
594
480
644
258
493
513
315
239
185
129
126
886
75
766
483
495
26
90
621
367
86
677
57
474
651
766
644
52
110
185
299
69
644
255
255
255
255
255
255
255
255
501
79
29
90
843
57
148
52
507
902
651
4
651
120
378
64
490
75
54
884
117
148
746
898
69
378
47
677
626
106
251
65
651
280
508
508
636
651
30
865
305
185
766
591
103
103
103
902
902
902
902
902
902
902
902
902
902
902
902
902
902
902
902
902
902
902
902
902
902
902
902
902
902
902
902
902
902
902
902
902
902
902
902
902
902
902
902
902
902
902
902
902
902
902
902
902
902
902
902
902
902
902
902
902
902
902
902
52
52
511
474
651
51
618
618
895
507
624
766
57
57
57
276
486
56
2
551
308
566
555
143
185
185
75
495
23
57
90
566
73
677
677
677
677
677
730
65
65
651
511
77
693
644
644
46
671
306
848
804
52
172
367
65
566
26
903
903
903
903
903
247
766
579
69
69
330
52
651
651
913
458
458
458
503
69
116
315
103
26
97
308
308
308
913
766
490
847
77
625
644
711
4
119
378
677
596
57
6
6
6
6
6
6
644
116
69
69
69
57
591
499
57
128
119
644
491
603
651
17
651
378
185
566
8
122
913
649
117
887
18
488
77
644
168
677
880
651
234
57
27
651
20
110
23
317
317
317
317
317
317
317
317
117
117
13
12
54
54
54
27
900
213
135
677
623
651
651
644
507
820
845
845
845
845
845
845
143
64
42
110
555
330
480
636
566
134
766
644
45
54
131
644
555
42
850
603
603
517
651
134
14
644
644
644
644
644
644
644
38
651
805
566
766
766
26
26
42
18
651
90
507
306
677
45
73
644
29
766
257
67
651
644
848
644
507
493
493
677
651
651
626
869
651
507
711
507
256
19
805
651
651
651
651
651
651
651
23
163
163
490
330
889
651
41
903
185
93
29
746
746
746
805
148
709
511
836
75
514
9
135
135
252
878
878
893
50
677
651
312
805
591
148
152
14
766
644
163
894
644
8
73
766
57
52
644
651
42
474
644
766
84
660
103
501
766
766
256
256
256
555
555
555
555
651
34
90
651
803
507
90
651
551
13
241
644
651
57
52
766
805
730
730
730
651
766
103
42
490
185
512
35
472
128
8
728
728
766
766
117
23
224
85
86
644
256
13
618
54
101
458
46
803
90
19
805
820
16
677
26
620
77
77
57
54
651
884
507
507
507
47
766
495
555
8
644
651
242
644
256
57
213
803
811
166
57
766
166
766
644
45
45
36
644
677
656
458
148
16
357
367
766
767
506
134
101
644
69
305
903
265
651
570
885
802
231
40
292
65
651
8
503
47
185
594
77
110
8
563
69
672
110
378
651
644
847
847
847
847
847
847
847
847
847
847
847
847
847
847
847
847
847
847
185
621
77
644
802
808
490
73
41
367
913
52
668
596
52
85
52
644
644
73
39
13
566
47
897
42
282
73
482
482
69
69
69
69
69
69
69
69
69
69
69
69
69
69
69
69
69
69
69
69
69
170
566
256
65
23
23
23
23
23
23
23
23
23
8
870
282
651
57
42
8
101
861
65
261
315
16
766
37
766
97
69
69
69
73
67
651
651
802
87
808
54
37
324
324
122
507
330
73
49
34
658
367
148
117
494
651
561
809
57
75
148
148
848
561
811
811
811
811
507
148
501
505
148
57
57
31
163
617
324
487
913
913
913
90
79
73
7
7
7
129
677
651
18
7
231
848
898
45
170
622
644
101
87
766
651
677
357
409
73
2
2
2
2
2
2
148
135
619
619
23
161
618
44
65
869
603
29
766
57
26
256
835
42
135
65
42
117
396
603
555
67
507
507
507
766
1
793
49
620
41
668
668
645
629
629
502
22
128
675
805
21
617
282
555
117
67
651
502
73
306
843
644
16
488
51
651
36
29
861
13
78
555
632
6
75
44
730
668
651
651
651
651
651
651
651
651
651
651
651
651
651
651
651
651
651
651
651
651
651
651
651
651
651
651
651
651
651
651
651
651
651
651
651
651
651
487
563
71
77
110
627
496
491
69
304
651
2
50
473
17
896
633
112
112
112
231
840
58
65
178
621
8
52
52
16
644
50
50
651
135
644
484
473
473
282
766
185
42
514
804
124
47
804
651
651
651
651
54
239
677
677
677
651
47
258
644
57
651
651
651
651
75
37
100
100
100
79
626
766
766
644
65
644
644
644
644
644
644
644
644
644
644
644
644
644
644
644
644
644
644
644
644
644
644
644
644
644
644
644
644
644
644
644
644
644
644
644
644
644
644
644
644
644
644
644
644
309
902
77
45
256
101
867
241
643
38
306
306
306
644
67
502
644
49
161
902
254
563
644
644
507
127
42
27
766
811
76
591
51
766
162
490
124
504
845
422
134
124
51
51
51
51
51
51
12
651
64
57
75
651
9
620
651
258
73
73
645
766
766
566
651
58
65
644
134
282
46
18
69
94
306
210
21
728
651
367
135
677
280
20
330
644
17
110
69
7
766
896
766
627
651
651
870
67
566
265
644
148
69
65
42
651
623
458
143
65
97
97
97
97
97
97
97
97
97
97
97
97
97
97
97
808
117
110
110
110
110
110
110
110
110
110
110
110
110
110
110
110
110
110
110
651
117
507
29
820
820
645
292
292
58
651
185
766
495
27
308
42
57
282
644
110
706
34
123
65
651
863
863
863
863
863
863
863
863
863
863
863
863
65
766
821
555
238
239
474
474
474
474
474
474
474
603
8
903
490
651
276
276
677
677
594
594
231
632
65
766
20
865
865
865
865
865
865
865
865
865
865
865
865
865
87
644
629
555
73
651
644
134
606
766
378
213
705
19
705
26
651
566
213
213
644
18
126
367
367
367
367
18
677
100
651
166
880
41
113
113
566
33
3
26
644
845
51
52
711
42
603
260
8
8
805
116
213
10
807
79
4
224
552
486
87
507
507
764
512
705
677
651
651
79
57
112
260
793
36
185
213
42
44
69
69
7
119
621
23
821
644
116
888
520
520
520
520
44
26
8
80
841
694
694
694
677
73
644
644
507
913
484
651
258
507
805
623
677
57
766
766
766
766
766
766
766
766
766
766
766
766
766
766
766
766
766
766
766
766
766
766
766
766
766
766
766
766
766
766
766
766
766
766
766
766
69
507
75
75
42
677
52
244
57
333
651
396
730
730
20
654
654
654
654
654
654
134
566
119
52
494
677
52
57
644
488
596
596
766
73
610
252
54
315
766
651
644
804
804
804
40
40
40
40
13
805
829
50
514
626
47
260
555
651
101
644
651
651
651
594
651
31
656
644
520
520
514
495
495
651
19
11
11
11
11
11
110
644
57
903
65
869
304
566
79
23
651
603
603
603
603
603
603
117
77
124
674
112
116
644
644
90
821
504
504
504
123
651
148
643
511
166
617
896
18
18
651
651
651
651
651
651
651
651
651
651
651
651
651
651
651
651
651
651
651
651
651
651
651
651
651
651
651
651
651
651
651
651
651
651
651
240
73
52
52
367
367
555
23
73
32
35
313
124
566
79
79
79
79
79
79
79
79
84
651
651
766
42
42
644
517
166
651
651
20
69
69
512
185
865
490
507
766
65
42
106
766
413
651
651
80
862
651
103
257
105
766
766
185
651
766
23
23
865
620
746
113
621
27
27
246
23
23
256
306
883
73
172
172
378
237
73
34
644
52
517
766
124
644
36
65
766
65
766
651
300
99
629
20
105
2
57
310
310
52
276
651
848
241
8
8
8
8
8
8
8
272
805
378
651
77
305
148
644
79
503
603
804
19
641
311
820
101
603
21
117
52
282
101
113
766
660
566
566
566
566
651
591
69
892
123
883
54
677
310
766
35
258
272
42
128
51
240
766
472
117
258
44
499
549
549
101
42
766
766
507
816
766
21
812
622
58
766
644
52
237
671
651
16
210
30
621
65
51
766
672
13
514
73
73
848
677
85
513
54
79
104
131
50
69
23
672
847
811
495
301
301
301
301
301
309
65
64
658
658
820
820
148
52
44
44
65
57
42
625
0
110
8
848
47
65
65
65
65
73
367
367
617
644
644
667
69
0
594
148
71
18
677
378
766
168
299
693
69
69
69
69
69
69
69
69
69
69
69
69
69
69
69
69
69
69
69
69
69
69
644
110
135
51
367
20
51
895
18
69
506
766
8
172
474
889
8
8
396
566
51
261
210
57
69
69
69
7
7
37
37
493
482
110
34
110
257
555
496
496
496
496
496
566
185
517
517
77
170
766
610
651
651
651
651
651
651
644
282
75
75
75
75
75
75
75
75
75
75
75
75
75
75
75
75
75
75
75
75
75
75
75
75
75
75
75
75
75
75
75
75
75
75
75
75
75
75
75
75
75
75
75
75
75
75
75
75
75
75
75
75
75
75
75
75
75
75
75
75
75
75
75
75
75
75
75
75
75
75
75
75
75
75
75
75
75
75
75
75
75
75
75
75
75
75
75
75
75
75
75
75
75
75
75
75
75
75
75
75
75
75
75
75
75
75
75
75
75
75
75
75
75
75
75
75
75
75
75
75
75
75
75
75
75
75
75
75
75
75
75
75
75
75
75
75
75
75
75
75
75
75
75
75
75
75
75
75
75
75
75
75
75
75
75
75
75
75
75
75
75
75
75
75
75
75
75
75
75
75
75
75
75
75
75
75
75
75
75
75
75
75
75
75
75
75
75
75
75
75
75
75
75
75
75
75
75
75
75
75
75
75
75
75
75
75
75
75
75
75
75
75
75
75
75
75
75
75
75
75
75
75
75
75
75
75
75
75
75
75
75
75
75
75
75
75
75
75
75
75
75
75
75
75
75
75
75
75
75
75
75
75
75
75
75
75
75
75
75
75
75
75
75
75
75
75
75
75
75
75
75
75
75
75
75
75
75
75
75
75
75
75
75
75
75
75
75
75
75
75
75
75
75
75
75
75
75
75
75
75
75
75
75
75
75
75
75
75
75
75
75
75
75
75
75
75
75
75
75
75
75
75
75
75
75
75
75
75
75
75
75
75
75
75
75
75
75
75
75
75
75
75
75
75
75
75
75
75
75
75
75
75
75
75
75
75
75
75
75
75
75
75
75
75
75
75
75
75
75
75
75
75
75
75
75
75
75
75
75
75
75
75
75
75
75
75
75
75
75
75
75
75
75
75
75
75
75
75
75
75
75
75
75
75
75
75
75
75
75
75
75
75
75
75
75
75
75
75
75
75
75
75
75
75
75
75
75
75
75
75
75
75
75
75
75
75
75
75
75
75
75
75
75
75
75
75
75
75
75
75
75
75
75
75
75
75
75
75
75
75
75
75
75
75
75
75
75
75
75
75
75
75
75
75
75
75
75
75
75
75
75
75
75
75
75
75
75
75
75
75
75
75
75
75
75
75
75
75
75
75
75
75
75
75
75
75
75
75
75
75
75
75
75
75
75
75
75
75
75
75
75
75
75
75
75
75
75
75
75
75
75
75
75
75
75
75
75
75
75
75
75
75
75
75
75
75
75
75
75
75
75
75
75
75
75
75
75
75
75
75
75
75
75
75
75
75
75
75
75
75
75
75
75
75
75
75
75
75
75
75
75
75
75
75
75
75
75
75
75
75
75
75
75
75
75
75
75
75
75
75
75
75
75
75
75
75
75
75
75
75
75
75
75
75
75
75
75
75
75
75
75
75
75
75
75
75
75
75
75
75
75
75
75
75
75
75
75
75
75
75
75
75
75
75
75
75
75
75
75
75
913
69
125
651
20
57
51
65
89
148
73
566
106
51
6
292
309
309
668
766
16
862
110
319
292
45
185
185
185
185
185
185
185
185
185
185
185
185
185
185
185
50
330
36
517
766
210
210
18
52
47
566
280
644
644
644
644
644
644
644
644
148
499
499
15
65
788
306
897
507
49
8
483
644
627
627
627
627
766
766
124
677
87
677
119
766
766
766
644
507
76
913
913
644
308
651
651
651
651
101
23
836
185
330
594
44
260
75
508
244
86
124
124
555
677
805
276
603
474
52
870
409
478
912
26
26
26
246
69
57
65
555
135
46
766
117
517
618
148
903
878
625
677
103
644
644
766
26
555
11
481
231
484
840
551
897
579
507
57
85
793
44
124
65
624
651
213
110
231
77
367
73
306
101
23
644
42
6
894
894
894
894
677
4
73
504
766
766
766
766
766
766
766
766
766
555
13
644
57
57
57
861
101
482
482
644
69
632
632
251
42
555
677
677
677
677
677
677
495
6
117
894
644
629
231
40
579
49
315
555
69
79
148
26
75
90
45
471
488
282
865
52
104
566
863
863
863
256
889
507
507
507
507
507
507
507
507
507
507
507
333
499
499
499
499
499
499
499
499
499
499
499
499
499
499
499
499
499
499
766
651
487
625
625
87
87
87
87
87
651
651
651
27
52
242
764
811
846
846
101
97
172
57
69
651
651
8
644
807
185
185
829
633
135
69
603
677
38
185
705
766
766
57
324
865
79
490
117
566
555
256
256
256
507
113
489
897
644
11
766
651
913
897
231
644
619
57
517
306
308
677
677
644
148
651
766
766
651
282
651
282
644
309
865
627
879
879
623
623
623
8
629
603
651
625
711
766
805
808
116
116
898
566
501
512
143
42
501
73
52
303
644
306
566
651
591
668
57
57
651
555
551
166
566
566
262
308
501
162
162
162
162
162
162
162
162
162
162
162
162
162
162
162
162
162
162
162
280
87
58
238
484
40
651
264
264
730
26
517
330
292
16
627
101
75
484
508
311
54
2
110
58
549
644
629
76
113
148
148
238
238
238
238
238
57
766
101
631
511
45
644
785
785
13
13
8
563
658
478
677
367
367
883
69
69
69
119
473
473
473
473
473
473
473
473
473
651
490
651
651
127
566
213
213
850
478
507
26
887
41
617
746
79
508
495
651
475
566
262
651
651
50
50
2
26
37
37
555
148
483
674
6
499
499
499
499
499
499
499
499
499
499
499
499
282
282
282
12
626
878
478
478
478
478
478
478
478
478
478
478
555
69
69
69
69
69
69
282
42
566
42
644
551
551
840
65
44
766
766
163
766
120
651
651
262
300
306
478
651
651
677
677
26
26
26
26
603
19
677
21
26
606
119
808
808
65
677
240
213
330
644
57
257
644
805
75
651
57
490
79
143
143
15
378
73
493
495
555
555
644
367
766
694
526
67
57
644
110
809
809
820
622
65
484
69
644
651
367
651
75
152
13
23
23
231
75
50
603
41
900
185
651
766
651
563
651
651
45
821
103
224
106
52
52
42
901
901
644
805
69
651
651
65
804
52
23
110
677
677
677
677
677
677
677
677
677
73
651
65
134
651
26
651
651
651
626
182
504
477
93
106
378
110
512
651
677
862
644
651
644
511
677
836
594
606
458
805
812
103
514
677
522
105
644
651
766
552
26
555
112
120
644
651
651
280
280
280
280
280
566
566
566
511
116
511
511
511
514
244
122
317
172
644
7
766
766
80
148
57
816
651
651
677
677
677
677
555
52
23
19
473
473
473
473
473
473
42
123
116
93
57
821
766
807
591
110
312
312
651
883
651
644
16
644
555
231
887
26
306
306
306
859
903
903
112
651
651
476
879
178
110
282
478
69
378
883
516
67
33
54
78
499
13
44
69
69
69
69
117
19
135
861
603
110
166
901
40
330
282
256
311
651
101
667
54
651
50
667
40
52
87
651
101
101
805
87
185
238
131
131
624
624
624
624
624
624
624
624
49
42
113
299
12
491
643
134
810
27
458
458
42
651
490
651
651
471
651
644
651
651
240
8
178
148
148
148
644
251
251
251
251
251
251
251
251
110
9
668
213
811
106
52
8
8
8
8
8
561
243
677
486
79
563
897
8
8
651
651
651
651
651
644
8
254
73
57
23
367
299
367
651
502
87
57
57
134
555
644
644
766
73
90
90
90
90
644
623
766
77
378
65
65
766
224
57
9
9
9
9
555
246
835
766
603
549
13
644
913
491
75
651
299
651
41
87
231
26
315
148
37
240
69
135
566
626
829
617
865
488
626
677
677
651
621
644
73
651
651
651
651
805
517
116
49
110
110
514
87
555
58
170
566
507
499
8
8
8
44
766
87
807
496
73
506
622
27
23
110
808
17
4
766
119
21
651
161
65
52
52
52
675
27
77
312
79
247
143
241
241
241
241
241
241
31
291
282
802
766
766
50
555
367
859
258
258
57
8
829
507
47
50
482
482
482
482
21
26
134
117
821
693
693
255
112
766
651
651
651
651
651
651
276
898
58
487
73
651
549
54
865
185
644
65
631
631
631
631
148
26
507
30
677
651
513
170
19
644
644
124
766
6
135
651
651
396
49
901
629
103
312
135
651
812
495
102
651
594
651
306
76
65
79
87
18
6
257
396
205
205
8
8
644
73
185
117
152
27
766
651
20
489
766
641
885
514
491
501
626
603
256
69
69
1
65
57
217
490
65
65
73
766
80
644
44
766
902
237
243
117
264
104
89
75
591
878
185
651
651
898
506
52
551
861
73
73
766
367
311
52
152
152
730
81
185
810
810
913
231
644
902
75
20
484
902
902
902
902
902
902
902
902
902
902
902
902
902
75
570
632
8
491
491
77
79
73
57
57
644
644
651
591
161
651
116
472
134
110
282
57
563
256
231
766
291
555
495
471
123
651
15
644
644
644
57
330
490
487
473
32
644
644
65
120
632
52
75
75
75
75
75
555
555
75
14
885
836
477
52
651
644
677
677
205
57
51
644
512
102
128
458
651
639
26
26
26
26
26
26
260
367
65
65
644
552
766
69
69
69
94
709
511
511
511
282
676
676
676
676
676
676
676
676
676
676
676
676
676
676
676
676
676
676
676
676
676
676
676
676
676
676
676
676
676
676
676
676
676
676
676
676
676
626
764
101
54
856
131
41
134
651
672
672
258
458
35
566
21
651
282
231
244
644
644
488
676
676
488
69
677
651
57
507
129
17
244
143
649
766
90
40
26
413
413
413
651
22
677
677
36
185
495
489
50
47
16
65
886
106
902
902
645
594
594
603
644
644
603
6
42
644
231
693
44
44
73
566
148
234
788
651
47
23
594
594
594
644
64
47
73
566
57
620
246
119
651
135
148
566
41
185
276
57
633
282
282
123
148
69
317
57
805
651
106
766
42
308
308
645
651
644
79
35
526
651
651
895
32
32
32
32
32
32
32
32
32
282
651
69
677
119
644
3
644
396
805
367
501
305
65
97
507
19
644
644
810
870
23
522
766
766
766
148
148
766
148
651
711
57
901
78
129
69
73
896
69
255
57
644
152
606
606
610
73
677
644
257
766
766
766
766
13
766
6
367
563
879
879
651
617
617
367
501
409
409
16
651
667
507
19
19
644
499
820
820
820
257
764
903
409
73
766
126
64
566
103
101
625
677
367
631
185
79
766
1
805
396
694
484
484
484
484
484
484
484
484
484
484
484
484
484
484
484
484
484
484
484
484
484
484
484
484
484
484
484
484
484
484
65
75
75
75
57
42
847
135
644
10
672
768
3
172
305
45
75
651
617
112
304
502
644
677
23
282
766
247
75
30
644
644
644
644
644
644
644
644
644
644
644
644
644
644
644
644
644
644
644
119
693
51
103
185
185
502
247
594
367
257
49
396
69
766
706
484
65
644
52
644
49
864
805
897
110
20
766
651
651
651
124
124
495
42
843
80
75
113
626
644
893
258
49
507
644
644
644
231
231
627
27
152
549
766
766
867
594
677
23
23
23
23
23
23
23
23
23
23
23
23
23
23
764
40
148
884
13
282
117
644
606
19
0
143
511
805
123
486
324
129
255
67
99
644
644
644
766
507
766
766
505
77
83
148
44
106
106
106
106
210
644
488
256
87
766
472
7
7
75
693
185
766
75
73
178
33
563
511
511
282
821
804
42
766
57
26
26
507
22
488
166
507
507
507
507
507
507
507
507
507
507
507
507
507
507
594
594
555
75
13
13
903
730
50
75
75
75
75
75
75
75
75
75
75
75
75
75
75
75
75
75
75
75
75
75
75
913
644
119
134
677
883
166
897
176
90
651
626
913
143
913
31
47
57
566
65
8
651
58
651
367
651
166
54
513
148
95
651
282
651
651
128
128
258
644
566
65
90
836
185
913
90
651
902
300
79
566
117
644
644
128
128
8
8
644
644
709
143
13
482
651
409
252
234
52
103
501
35
210
6
52
306
50
507
566
26
26
26
26
26
26
26
26
26
26
26
26
26
26
26
651
845
481
52
42
253
45
135
261
7
16
52
73
487
644
26
898
224
75
45
606
42
621
80
58
253
253
253
253
253
253
253
253
253
253
253
253
253
253
253
253
253
253
253
563
603
57
57
224
651
766
52
231
256
632
821
651
117
117
13
125
231
378
378
566
35
185
808
15
591
511
491
75
644
65
507
57
848
148
651
902
566
651
17
210
135
409
104
104
104
104
306
19
57
458
499
865
865
865
125
52
900
491
256
256
256
256
256
256
256
256
256
256
256
256
256
256
256
256
256
256
256
256
